1112 188 23060
1144 156 23160
1200 204 23020
1076 264 23012
1120 268 23036
1096 176 23060
1076 100 23072
1080 172 23068
1088 200 23032
964 308 23084
1032 156 22940
1108 156 22980
1080 140 22892
1016 176 23104
1108 188 23056
980 232 23132
1092 144 23120
1080 240 23096
1040 196 23148
1036 324 22992
1128 284 23004
1128 204 23080
956 200 22952
1172 196 23040
1052 264 23200
1080 356 23112
1100 296 23076
1044 252 23044
1120 172 22992
1048 296 23176
1048 200 22996
1084 304 23168
1176 240 22912
1136 172 23108
1076 168 23072
1100 248 23084
1136 192 23084
1136 200 22984
1044 172 23264
1080 308 22976
1048 144 23020
1048 324 23032
1084 280 23204
1032 240 23176
1140 272 23024
1068 228 23132
1000 312 23048
1232 324 23096
1116 220 23100
1156 220 22976
1148 304 23056
1060 180 23040
1100 216 23148
1056 196 22960
1060 148 22996
1148 272 23088
1104 248 23104
1056 172 23112
1024 132 23096
1020 132 23076
1060 188 22916
1112 260 23024
1096 216 23068
1192 224 22992
1088 164 23024
1012 264 23032
1036 228 22984
1140 192 23020
1072 124 22936
1120 220 23080
1200 200 23136
1044 228 23104
1100 216 23204
1104 244 23188
1100 152 22984
1108 196 23080
1060 216 23000
1028 316 23092
1016 220 23244
1040 108 23064
1112 300 22948
1104 180 23024
1084 276 23060
1024 340 23088
1048 284 23124
1056 188 23148
1108 236 23140
1108 204 23024
1060 276 22904
1168 104 22968
1104 180 23108
1128 156 22988
1048 292 23028
1188 268 23012
1072 200 23088
1156 320 23176
1100 212 23056
1156 152 23124
1140 304 23080
1116 204 22928
1136 308 23036
1076 268 23060
1088 188 23184
1076 128 22976
1024 124 23152
1156 192 23104
1124 80 23208
1120 248 22992
1056 196 23024
1032 208 23132
1112 184 23080
1148 264 22952
1172 216 23076
1156 168 23068
984 168 23084
1112 260 23180
1020 156 23160
1060 168 23220
1024 300 22968
1076 284 23132
1048 212 23104
1044 280 22904
1132 180 23156
1120 188 23188
1160 192 22960
1076 220 22944
1144 196 23064
1100 324 23096
1040 292 23060
1028 308 22940
1104 276 23048
1112 192 22972
1032 192 23116
1136 148 23148
1112 300 23064
1088 124 23140
1164 188 22956
1172 140 23136
1112 236 23060
1060 328 23024
1028 220 23304
1096 124 23056
1048 200 23100
1060 132 23124
1112 192 23092
1100 228 22932
948 208 23132
1064 164 23032
1028 132 23104
1076 144 23156
1108 120 23024
1016 228 22956
1096 152 22988
1048 252 23032
940 244 22948
1084 160 23020
1060 308 22992
1044 232 23140
1080 212 22932
1040 244 22896
1076 184 22884
1128 252 23108
1036 220 22996
1076 280 23228
1012 204 23080
1056 304 23240
1084 196 23084
1108 128 23000
1100 276 23036
1116 172 23084
1108 324 23028
1072 232 23140
1116 280 23016
1088 272 23152
1112 376 23140
1056 184 23132
1168 96 22900
1172 148 23028
1080 236 23032
1192 192 23036
1072 252 22932
1160 196 23152
1088 172 23064
1144 216 23056
1120 64 23084
1020 92 23092
1100 192 23036
1132 192 23056
1096 240 23068
1068 288 23080
1104 288 23168
1180 244 23044
1140 172 23060
1048 200 23112
1116 268 22944
1036 292 23108
1080 236 22924
1152 288 23052
1080 184 22912
1000 232 23060
1112 168 23156
1144 336 23020
1060 324 22980
1080 272 23072
1068 144 23032
1180 220 23184
1088 232 22932
1132 228 23180
1144 260 23116
1008 296 23196
1136 240 22956
1092 96 23084
1100 212 23140
1052 256 22984
1168 164 22872
1012 100 23112
1056 204 23156
1172 312 23104
1048 192 23084
1144 232 22980
1076 200 23016
1144 144 23100
1136 240 23016
1068 188 23044
1076 184 23020
1040 220 23156
1056 148 23052
1048 268 23076
1096 240 23140
1156 340 23052
1120 244 23028
1064 208 23036
1088 192 23084
976 316 23076
1064 256 23008
1104 192 23068
1076 224 23008
1044 232 23004
1032 228 23160
1092 216 23092
1108 176 23148
1012 176 23032
1068 240 23080
1080 200 23116
1156 160 23136
1064 232 22992
1076 140 23020
1076 108 23092
1064 200 23112
1096 144 23124
1108 220 23044
1120 188 23140
1140 264 22952
1092 268 23104
1056 220 22952
1152 212 23224
1104 248 23104
1072 228 22988
1052 272 23096
1068 188 23100
1052 152 23092
1152 212 23068
1104 192 23148
1116 224 22988
1028 244 23072
1108 288 23088
1104 256 22952
1096 240 23140
1092 280 23068
1036 196 23048
1056 232 23140
1100 120 23064
1124 280 22996
1108 268 23032
1056 244 23100
1092 188 23116
1068 224 23112
1096 252 23052
1120 284 23008
1048 228 23044
1112 200 22988
1036 216 23172
1020 240 23164
1020 352 22932
1064 340 23024
1108 268 23168
1072 348 23084
1048 176 23024
1076 208 23004
1044 232 23072
1144 264 23108
1116 176 23012
1052 96 22988
1092 244 23136
1080 248 23036
1104 276 22980
996 204 23120
1100 140 23088
984 248 22832
1164 180 23064
1136 136 23096
1060 256 23004
1012 132 23128
1120 216 22924
1136 296 22892
1100 240 23028
1096 200 23048
1060 248 23124
1044 252 23084
1120 184 23104
1156 272 23004
1192 200 23016
1052 232 23012
968 268 23008
1068 204 23020
1060 220 23040
1160 288 23020
1152 232 23148
1064 260 22996
996 196 23072
1060 248 23056
1068 280 22988
1156 232 23000
1088 296 23000
1080 204 23076
996 248 23008
1032 204 22904
1068 356 23008
1068 144 23160
1124 248 23036
1036 272 23004
1120 192 23028
1108 348 23160
1152 272 23000
1116 196 23116
1044 208 23036
1096 220 23004
1104 152 22960
1140 228 23084
1120 224 23144
1096 160 23068
1136 212 23044
1104 164 23036
1048 212 22988
1088 164 23036
1132 208 23036
1056 164 23024
1180 172 22908
1136 160 22888
1196 188 23060
1072 124 23152
1036 212 23080
1068 164 23032
1004 228 23056
1048 260 23064
1124 288 23012
1080 160 23072
956 192 22924
1152 276 23028
1016 292 23108
1012 152 23044
1176 160 23008
1076 288 23000
1004 292 23184
1036 256 23076
1012 144 22932
1004 180 22916
1004 368 23032
1036 296 23100
1008 300 23096
988 184 23088
1164 236 23040
1056 232 23044
1244 212 22976
1168 240 23080
1068 228 23128
1128 200 23196
1092 352 23068
1080 140 23020
1104 264 23116
1112 176 23012
1024 248 23068
1076 220 23000
1120 200 23100
1032 252 23044
1132 200 23048
1088 200 23008
1048 180 23060
1124 116 23196
1116 240 22948
1088 328 22932
1140 216 22816
1008 208 22964
1100 212 23000
1152 248 23136
1052 156 23220
1092 244 23036
1160 236 23308
1000 244 23200
992 224 23084
1064 188 23132
1008 260 23056
1080 280 22992
1064 328 22932
1164 336 23072
1028 216 23188
1048 108 23128
1140 284 23076
1060 328 23144
1112 256 23244
1100 240 23152
1108 336 22964
944 132 22988
1116 268 23136
1064 200 23048
1016 300 22980
1040 176 23100
1036 152 22932
1076 240 23120
1076 192 23084
1044 208 23056
1016 328 22956
1060 212 23052
1116 64 23056
1164 184 23136
1044 316 23056
1152 184 23024
1092 152 23032
1132 96 23004
1092 248 23220
980 244 22948
1112 308 23124
1096 300 23020
1092 180 23164
1144 268 23048
996 192 23072
1040 188 23108
1116 252 23020
1056 220 23060
1060 248 22952
1000 168 23036
1112 316 23008
1068 212 22948
1096 224 23056
1028 224 22956
1068 240 22972
1068 272 23120
1168 216 22920
1040 204 23112
1108 196 22932
1124 224 23108
968 164 23172
1056 292 23032
1056 204 23024
1088 152 22988
1064 160 23112
1080 180 23044
1152 248 22988
1056 280 23116
1024 188 23088
1064 288 23020
1060 132 22944
1068 316 23012
1120 232 22968
1016 260 23000
1044 184 23100
1100 244 23056
1120 220 23124
1108 244 22892
1184 324 23108
1092 224 23056
1100 232 23268
1088 260 22976
1104 276 23024
1072 312 23044
1092 236 23076
1096 144 23040
1024 224 23064
1108 252 23048
1200 200 23036
1068 252 23132
1156 272 23044
1108 260 23040
1088 288 23032
1120 200 23020
1048 184 23028
1016 232 23072
1000 284 23208
1104 296 23092
1148 264 23064
1108 332 23040
1052 288 22944
1024 196 23072
1032 180 23096
1116 288 23088
1068 116 23084
1104 236 23132
1128 148 22960
1100 152 23072
1180 188 22984
1088 252 23200
1060 236 23000
1056 164 23068
1004 176 23016
1076 180 23084
1000 260 22996
1128 172 22956
1108 280 23016
1168 236 23044
1156 216 23068
1080 100 23020
1096 152 23060
1080 212 23100
1088 224 23068
1096 212 22912
1176 224 23176
1100 264 23016
1012 216 23148
1096 192 23164
1052 208 23248
980 268 23116
1084 184 23088
1096 248 22884
996 292 23036
1100 212 23056
1196 224 22972
1180 240 22972
1040 236 23020
1044 192 23096
1036 216 22932
1180 216 22940
1072 64 23088
964 196 22932
1136 300 22988
1044 248 23072
1040 144 23104
1100 96 23144
1076 184 23112
960 236 22904
1060 280 23132
1152 232 23000
1120 228 23144
1108 224 23100
1064 208 23184
1156 208 23056
1068 260 22980
1128 236 23112
1076 144 23068
1120 136 23092
1120 240 23088
1032 224 22984
1112 224 23012
1072 208 23128
1100 340 23020
1108 324 23128
1056 244 22992
1072 180 23164
1052 236 23036
1092 268 22996
1100 184 22880
1124 156 23000
1088 184 22996
1176 208 23000
1120 240 23032
1116 244 23036
1132 180 23068
1068 272 23068
1192 264 23268
1044 276 23036
1088 256 23108
1128 268 23016
1056 212 22984
1092 216 23036
1116 192 22976
1188 168 22976
1088 292 23104
1164 288 23056
1008 236 23020
1200 288 22912
1020 184 23012
1180 232 22960
1140 240 23140
1148 216 23100
1040 172 23100
1052 252 23112
1052 308 22888
1132 328 22928
1184 180 23220
1128 120 23156
1060 212 22932
1108 180 22976
1056 208 23000
1064 216 23020
1124 264 23112
1140 220 23028
1088 200 23020
1072 140 22988
1128 144 23120
1092 312 23136
1080 180 22984
1024 204 22940
1188 104 22940
1084 228 23056
1100 220 23064
1084 192 22964
1096 192 23152
1172 212 23044
1000 128 23044
1048 268 22984
1088 144 22900
1032 180 23080
1076 368 22964
1116 228 22996
1072 220 23012
1060 232 23144
1132 260 22916
1180 260 22960
1040 176 23044
1136 240 23172
1144 232 22968
1088 296 23180
1020 272 23056
1072 268 23016
1104 236 23100
1172 168 23000
1080 192 22980
1092 132 23180
1112 212 23008
1052 212 23056
1136 280 22968
984 308 23068
1096 220 22960
1076 192 23104
1104 164 23144
1096 272 23116
1076 132 23080
1040 320 23036
960 260 22980
1184 232 22960
1104 176 22864
1136 204 23028
1044 144 22888
1168 140 23024
1136 320 23036
1024 280 22960
1144 192 23036
1056 188 23100
1004 160 23004
1064 152 22908
1040 200 22908
1156 256 22964
1068 292 22880
1048 268 23004
1044 196 22992
1104 220 22996
1084 224 23060
1064 164 23020
1048 276 22988
1120 184 23000
1120 256 23048
1124 224 23064
1016 164 23056
1056 200 23060
1116 184 23056
1088 212 23240
1016 220 23004
1100 244 23028
1108 280 23036
1080 244 23052
1180 160 23100
1148 264 23044
1164 248 23044
1100 124 23032
1140 292 23152
1200 124 23136
1100 256 23024
1128 136 22992
1108 236 23080
1072 272 22960
1128 256 23004
1080 284 22964
1096 224 23100
1220 200 23076
1072 196 23104
1084 160 23112
1120 252 23044
1060 136 23064
1260 268 23032
1112 184 23208
1200 208 23212
980 232 23012
1120 184 23048
1124 168 23012
1140 244 23044
1108 196 22984
1020 252 22916
1132 228 23032
1056 188 23136
1096 212 23056
1096 172 22996
1016 248 23092
1168 188 22984
1056 244 23016
1080 176 22984
1008 224 23140
1040 252 23040
916 240 23020
1084 276 22984
1084 212 23040
1048 240 23004
1044 216 23032
1152 216 23056
1156 336 22988
1060 240 23024
1076 224 23076
1056 288 23080
1080 228 23096
1040 260 22988
1036 248 23140
1088 272 23108
988 248 23152
1060 292 23116
1072 256 23100
1028 208 23056
1028 260 23032
1004 252 23100
1144 228 23012
1116 320 22908
1044 248 23012
1012 236 23200
1124 192 23228
1080 160 23072
1100 180 23016
1156 200 23072
1060 268 22972
1088 248 23060
1120 244 22932
1220 128 22944
1132 228 23084
1096 196 22972
1108 152 23036
1084 212 23192
1144 128 23036
1216 144 23028
1016 12 22944
1084 256 23004
1096 228 23044
988 204 22940
1000 104 23012
1024 164 22948
1116 216 22996
1140 200 22944
1020 220 23092
1068 228 23176
1084 212 22968
1028 272 22988
1088 156 23068
1088 168 22988
1064 216 23152
840 304 23048
1120 240 23164
1088 144 23008
1160 192 22976
1112 248 22964
1020 248 23096
1072 220 23212
1140 84 23052
1044 260 22984
1104 188 23112
1064 244 22872
1068 300 22984
1088 300 23008
1020 236 22976
1092 284 22992
1084 284 23012
1028 248 22960
1144 284 23004
1048 312 23116
1092 148 23236
1112 288 23040
1196 252 23048
1116 260 23024
1216 180 22984
1096 180 22932
1148 260 23092
1108 220 23000
1032 260 23036
1096 128 23012
1044 92 23012
1128 176 22960
1184 184 22852
1108 280 23088
1060 164 22944
1132 124 23024
1096 144 22992
1100 180 23068
1080 252 23140
996 244 23212
1088 280 23128
944 92 23036
1108 236 23024
1084 320 22992
1108 168 22864
1020 172 23072
1084 244 22944
1096 252 23084
1076 308 22992
1168 236 23028
1072 120 23052
1092 196 23032
1000 160 23100
1160 228 23040
1060 188 23048
1172 188 23148
1016 200 22908
1196 224 23080
1084 280 22972
1140 160 23136
1160 200 22996
1212 184 23012
1128 200 23000
1080 236 23112
1052 296 23020
1072 212 23012
1112 80 23040
1124 232 23108
1052 276 23004
1108 160 22984
1136 212 22964
1028 176 22948
1060 152 22944
1192 152 22984
1112 148 23080
1148 272 22988
1160 148 23000
996 144 22932
1056 240 23004
1120 248 23080
1000 164 23064
1060 220 23088
1096 256 22920
1072 200 23084
1000 252 22936
944 220 22940
1104 232 22976
1048 220 23176
1052 208 22948
1056 248 23132
1068 332 22960
1080 280 23032
1068 280 23060
1120 276 22996
1128 216 23008
1104 272 22992
1068 144 23080
1056 152 23024
1156 220 22932
1012 224 23056
1100 264 23116
1128 152 23068
1080 120 23176
1092 180 22996
1136 172 23020
1172 272 23096
1200 252 23052
1056 240 22980
1228 240 23004
1088 184 22976
1192 132 23040
1196 208 23028
1072 260 23052
1072 212 22916
1104 228 23052
1256 252 23108
1052 180 23072
1052 200 23064
1068 152 23032
1020 256 23068
1088 156 23028
1008 296 23012
1104 248 22944
1080 268 23080
1056 220 22944
1016 220 23104
984 84 23152
1028 200 23012
1048 352 23004
1108 280 23028
976 160 22988
1036 184 22932
1112 228 23136
1016 300 22996
1136 212 23044
1164 324 23068
1152 164 22972
1132 204 23100
1084 284 23012
1128 168 23164
1128 280 22992
1064 172 23100
1128 388 23048
1064 156 23196
1136 196 23008
1112 368 23024
1084 200 23140
1148 204 23052
1060 188 23120
1200 268 23004
1168 280 23056
1188 212 22976
1104 144 22936
1116 220 23068
1108 304 23064
1052 324 22996
1184 272 23096
1148 236 23120
1076 260 23048
1124 148 23092
1104 244 22908
1016 216 23076
1132 132 23072
1068 172 23040
1120 128 23044
1088 244 23196
1060 280 23052
996 180 23020
1104 224 23000
996 216 23104
1120 284 23004
1084 260 23008
1108 304 22968
1096 284 22976
1004 236 23080
1136 236 23036
1064 220 23120
1120 176 23052
1076 176 23164
1080 148 23148
1156 212 23000
1032 192 23068
1136 260 23088
1128 200 23048
1076 312 23128
1052 140 23104
1100 160 22960
1096 288 23008
1040 140 23028
1052 296 22960
1188 188 23052
1036 152 23116
1104 232 23028
1040 184 23044
1140 80 23008
1108 160 23008
1108 144 23048
1168 196 23276
1168 172 23056
1132 140 23036
1028 260 23088
1108 176 23164
1100 372 23068
1000 296 23036
960 156 23056
1132 268 22964
1076 184 22992
1044 160 23012
1044 300 22864
1004 180 23104
1056 212 23108
1096 248 22960
1060 216 23056
1104 212 23196
1060 224 23160
1032 172 22984
1008 224 23192
1112 180 23112
1096 260 22992
1052 284 23092
1168 256 23072
1072 192 23196
1064 200 22988
1140 192 23072
1048 240 23060
1120 272 23096
1068 340 22928
1140 136 22968
1180 180 23052
1104 180 22968
1056 256 23008
1112 220 23104
1132 204 23124
1128 248 23016
1152 248 23096
1124 220 23148
1060 256 22940
1164 208 23196
1108 164 23152
1220 176 22980
1084 268 23076
1008 176 23016
1068 204 23092
1148 232 23000
1148 172 23100
1156 212 23052
1004 200 23196
1120 208 22932
1100 228 23028
1176 268 23076
1000 200 23000
1008 220 23084
1104 200 23056
1096 268 23080
1056 288 23076
1072 120 23128
1200 256 23084
1144 252 23044
1008 244 23032
1016 328 23172
964 204 23032
1112 324 22944
1064 308 23012
1088 212 23084
992 232 23100
1084 160 23068
1004 240 23028
1052 196 23184
1048 244 23020
1096 204 23048
1044 284 23260
1108 144 23096
996 232 23052
1084 224 23056
1132 224 23036
1048 132 23180
1132 148 23076
1036 188 23108
1028 256 23076
1124 240 23032
1052 256 23124
1176 224 22972
1032 272 23156
1064 108 23108
988 252 23024
1144 252 23044
1112 212 23044
1076 116 22968
1132 220 23124
1160 216 22992
1176 296 23016
1048 164 23100
1096 220 23160
1140 288 22960
1136 296 23136
1020 192 23076
1032 244 23072
1224 208 23088
1084 296 22956
1100 276 23108
1064 248 23040
1100 220 23056
1088 312 22980
1048 300 23080
1128 324 23196
1124 228 22852
1068 244 23044
1076 196 22960
1192 308 22944
1124 184 22976
1036 212 23160
1040 164 23008
1064 180 22992
1076 216 22964
1132 276 23060
1068 244 23112
1076 172 23008
1088 172 23080
1100 176 23056
1160 180 23012
1100 172 23040
1064 192 22992
1044 188 23128
952 160 23012
1036 252 22876
1072 184 23064
1108 168 23052
1108 196 23156
1164 156 23116
1132 156 22980
1048 228 23140
1036 284 23128
1116 268 22892
1124 196 23032
1084 200 22980
1040 148 23212
1092 224 22892
1080 280 23200
1104 324 23012
1080 344 22936
1096 224 22936
1084 188 23048
1016 232 22948
1084 260 23036
1052 268 22920
1132 388 23060
1076 384 22940
1100 220 23056
1124 300 23256
1040 132 23044
1032 172 23016
1124 240 23052
1104 272 23000
1104 220 23012
1160 180 22984
1116 256 23068
1040 200 22944
1036 168 23036
1008 124 22996
1060 244 22988
1140 164 23056
1048 144 23060
1084 228 23292
1180 200 23004
1124 232 23008
1068 84 23200
1052 140 23004
1168 152 23048
1008 188 23008
1108 224 23128
1060 248 23112
1104 196 23044
1124 160 23028
1080 280 23080
1184 364 23060
1068 140 23036
1020 224 23092
1080 232 23016
1008 320 23000
1072 248 23196
1028 100 22996
980 240 23012
1076 252 22948
1064 232 23088
1152 196 23092
1032 248 22936
1148 152 22964
1160 256 23060
1136 160 23068
1032 144 23096
1048 232 23176
1052 248 23124
1044 240 23080
1040 212 23064
1056 208 23008
1128 236 23068
968 252 23056
1128 188 22996
988 212 23060
1132 184 23124
1056 200 23144
1048 180 23076
1096 156 23072
1096 272 22952
1156 200 23124
1160 176 23060
1124 204 22892
1120 300 23224
1168 172 22980
1116 180 23056
1188 80 23020
1204 76 22952
1188 152 23104
1128 284 23064
1192 260 23084
1136 172 23092
1060 216 23072
1056 108 23104
1092 160 23036
1040 228 22860
1156 312 23020
1116 180 22984
1124 192 22952
1020 136 22920
1120 104 23072
1060 160 23004
1044 264 22972
1112 176 23164
1120 220 23008
1060 208 23088
1128 272 22988
1160 276 22996
1160 132 22980
1064 216 23080
1124 292 23088
1052 288 23020
1080 272 23128
1084 184 23116
984 288 23028
1120 296 23092
1040 256 23088
1080 288 23036
1112 300 23124
1008 308 22980
1112 240 23012
1136 232 22996
1168 188 22944
1116 192 23048
1032 304 23000
1112 240 22948
1112 356 23072
1000 268 22940
1056 200 23072
1052 328 23080
1144 212 22948
1072 296 23048
1096 224 23148
1148 220 23076
1084 196 23032
1128 312 23088
1036 320 23000
1116 248 23008
1092 212 23004
1048 196 23232
1068 244 22924
1072 216 23056
1112 300 23088
1148 220 23128
1052 192 23084
1160 152 23036
1056 136 23064
1152 112 23040
984 144 23172
1060 348 23176
1084 196 22988
1200 200 23152
1100 172 23092
1180 236 22988
1140 208 23088
1112 176 22852
1088 144 23108
1168 180 23096
1108 164 23004
1028 192 23064
1092 72 23100
1048 208 22992
1116 232 23112
1164 228 23024
1076 92 23116
1048 212 23004
1160 112 23128
1136 192 22960
1128 264 23116
1100 296 23068
1068 236 22924
1092 164 23108
1108 188 23068
1068 116 23068
1028 280 22980
1092 268 23092
1104 292 23116
1052 180 23036
1048 220 22952
1152 264 23008
1128 228 23032
1116 92 23040
1092 220 22964
1124 232 22908
1096 260 23132
1100 352 23112
1092 188 22932
1000 348 23132
1128 244 23052
1040 136 23096
1068 232 23084
1060 272 23012
1108 280 23020
1060 192 23144
1136 216 23024
1068 252 23092
1064 232 23036
1012 204 22968
1068 172 23052
1120 248 23096
1040 252 23112
972 124 23100
1112 184 23016
1112 256 23004
1088 216 23024
1100 300 22936
1052 256 22840
1120 208 23068
988 260 22928
1116 124 23008
1136 160 23076
1152 216 23104
1028 280 23076
1120 248 23068
1088 248 22976
1020 240 23060
1108 224 22976
1100 200 23068
1036 220 23112
1144 240 23028
1060 208 23052
1172 264 23152
1104 268 23148
1056 108 23016
1008 216 23064
1064 208 23068
1164 240 22940
1148 216 23068
1116 280 23096
1072 244 23044
1100 220 23008
1140 296 23100
1040 268 22972
1052 132 23044
1108 184 22904
1052 216 23000
1100 216 23036
1068 188 22952
1136 224 23080
1140 224 22956
1136 192 23020
1092 284 22984
1084 212 23060
1188 260 22944
1128 168 22996
1116 176 22968
1152 172 22988
1060 248 23124
1132 252 23104
1096 208 23036
1120 244 23044
1056 260 23056
1128 220 22972
1180 212 23048
1164 148 23044
1168 116 23080
1120 244 23144
1048 276 23112
1156 232 22988
1160 148 23140
1196 124 23008
1100 220 23152
1116 136 23096
1176 172 23032
1124 172 22932
1132 164 22924
1096 156 23052
1112 128 23000
1060 168 23012
1088 272 22928
1016 196 23064
1044 236 23068
1024 284 23116
936 180 23164
1056 248 23120
1028 288 22976
1028 200 23092
1084 212 23160
1020 196 22972
976 288 23056
1016 192 23028
1048 212 23012
1176 220 23068
1064 232 22932
1148 288 23012
984 252 23180
1048 228 23008
1056 288 23060
1088 280 23040
1020 224 23068
1036 276 23144
1076 212 22944
1068 248 22964
1092 148 23012
1148 164 22928
1164 140 22860
1032 220 23232
1100 256 23004
932 180 23100
932 156 22972
1020 212 23056
1088 212 23028
1040 220 22908
1040 152 23104
904 112 22992
1080 240 23092
996 160 22988
1084 264 23184
1108 176 23028
1092 180 22968
1092 236 22984
1088 292 23056
1140 232 23100
972 248 23112
1048 268 23100
1060 192 23196
1160 248 23144
1128 244 23220
1080 252 23036
1056 200 23000
1100 160 23036
1136 216 23000
1076 228 22892
1072 156 23032
1100 172 23012
1088 156 23120
1112 196 22924
1096 236 23040
1056 184 22996
1048 164 23008
1192 324 23012
1164 188 23044
1076 208 23128
1160 176 22984
1100 256 22984
1160 260 23084
1200 92 23072
1096 204 22872
1128 204 22964
1132 220 23068
1060 160 23160
1068 296 23104
1112 156 23104
1100 252 23160
984 296 22988
1100 172 22988
1048 264 23188
1120 252 23032
1132 268 23088
1144 280 23040
1072 268 23016
1116 216 22976
1092 248 22964
1084 220 23132
1188 272 23032
1100 268 23204
1100 252 22964
1028 172 22952
1040 244 23056
1096 148 23040
1160 276 23012
1044 220 23032
1044 128 23092
1004 64 23060
1096 144 23100
1120 224 23184
1140 260 22952
1048 272 23032
1092 116 23172
1064 216 23056
1256 188 22968
976 244 22856
1192 144 23192
1208 256 22976
1188 192 22956
1084 264 22896
1112 196 23120
1220 200 22948
1056 184 22984
1140 180 23192
1204 180 23004
1064 256 23020
1080 224 22824
1144 160 23104
1136 256 23012
1040 220 22864
1148 188 22996
1096 112 23044
1104 228 23020
1100 224 23096
1104 180 23052
1084 248 23176
1012 344 22856
912 252 22940
1072 268 23016
1136 224 23036
1104 188 23116
1160 212 23136
1004 260 22816
1032 240 23148
1156 132 23292
1064 156 23072
1080 276 23044
996 256 22820
980 120 23088
996 240 23184
1108 384 23024
1156 136 23052
1088 248 22924
1080 220 23152
1148 264 23104
1084 172 22952
1140 132 23008
1048 208 23076
1056 220 23100
1232 240 22996
1168 100 23140
1120 192 23128
1088 184 23084
1132 184 23004
1140 124 23152
1096 160 23088
1072 320 22904
1076 260 23064
1116 164 23012
1060 132 22884
1128 216 22968
1048 244 23044
1128 260 23124
1136 276 23000
1060 116 22980
1136 224 23016
1008 272 22940
1076 196 23036
1112 180 23048
1152 172 23028
1128 176 23128
1184 208 23180
1024 216 22968
1088 308 23120
1148 236 22956
1092 128 22972
1100 228 22972
1040 164 23048
1112 268 22980
1092 160 23108
1136 160 22936
1176 212 23148
1140 292 22960
1148 272 23044
1056 152 23012
1080 220 23056
916 232 22956
1060 252 22980
1072 212 23036
1152 220 23056
1044 248 23132
984 280 23100
1032 192 22932
1028 164 23060
1040 244 23004
1100 264 23140
1036 192 23004
1000 152 23068
1116 120 23048
1124 184 23072
1068 224 23116
1108 228 23036
1048 152 23096
1260 180 23392
1136 268 23220
1172 132 23192
1044 204 22960
1028 68 22788
1048 200 22972
1188 132 22992
1204 184 23272
1108 220 23172
1080 236 23168
1080 184 23244
1176 124 23152
1076 220 23060
1080 128 22952
1184 132 23040
1080 272 23076
1068 312 23144
1076 252 23164
1168 172 23156
1184 252 23120
1040 288 23016
1112 328 22980
1060 180 23124
1116 260 23184
1100 204 23008
1112 340 23024
1140 232 23100
1036 220 22976
1116 308 23084
1148 296 22956
1144 212 22840
1192 312 23084
1132 324 23020
1052 300 23100
1188 144 22984
1104 176 23024
1088 388 23084
1092 220 22984
1080 240 22920
1120 244 23048
1104 184 23028
1124 224 23148
1076 248 23088
1096 228 23164
1104 168 23116
1068 184 22844
1148 160 23060
1004 144 23056
1104 288 23096
1092 220 23016
1000 272 23232
1060 324 23080
1064 280 22928
1040 160 23052
1000 272 23048
1160 292 23184
1096 176 23084
1068 236 23120
1144 240 23152
1056 212 23184
1132 324 23092
1152 280 22988
1248 232 23008
1032 252 23040
1140 260 23020
1128 212 23172
1084 196 23060
1080 244 23084
1128 168 22988
1068 164 22932
1172 184 23000
1076 172 23068
1136 160 23020
1060 168 23056
1080 136 22996
1172 200 22988
1032 92 23036
1092 180 23048
1156 168 23072
1120 192 23032
1200 296 22996
1116 228 23108
1032 192 23152
1144 176 22984
1132 128 23068
1160 188 22976
1132 236 23048
1128 276 22996
1152 176 22972
1088 268 22920
1096 128 23072
1028 228 23112
1076 232 22992
1176 260 23060
1044 240 23020
1120 192 23056
1100 184 23068
1116 220 23224
1116 212 23196
1144 212 23032
1016 208 23028
1008 232 23012
976 120 23092
1016 300 23008
1116 212 23048
1088 236 23048
1052 84 23076
1016 224 23008
1132 164 23088
1048 140 23000
1104 184 22944
1068 140 23116
1032 140 23096
1064 252 23148
1056 244 23036
972 196 22952
1044 176 23228
1188 152 23016
1056 140 22956
996 216 22972
1196 128 23128
1068 260 23052
1068 132 23080
1076 204 23008
1044 152 23116
1076 196 23040
1084 236 23068
1120 244 22984
1084 240 22988
1124 200 23116
1140 168 23108
1048 104 23144
1092 140 23224
1120 188 23028
1188 188 23100
1088 284 23136
1036 308 23092
1120 204 23068
1140 240 23012
1132 200 22880
1116 208 22932
1104 244 23024
1108 356 23064
1084 220 23004
1120 232 23220
1096 312 23076
1112 324 23092
1088 268 22976
1116 120 22932
1068 164 23176
1028 196 23084
1088 304 23016
1100 164 23004
1056 252 23024
1076 236 23132
1108 268 23092
1140 176 22996
1068 200 23012
1064 120 23016
1088 212 22968
1100 308 23068
1160 248 23000
1060 236 23116
1120 204 23148
956 196 23100
1020 296 23156
1116 252 23080
1092 152 23088
1124 212 23052
964 260 22972
1080 248 22940
968 296 23124
1080 200 23056
1076 200 23092
1012 268 23048
1116 156 23028
1040 172 23000
1000 136 22920
1040 156 23060
952 180 23068
1068 172 23004
1116 208 22964
1064 208 23084
1024 276 23088
1036 200 23000
1088 220 23016
1064 104 23192
1108 160 23084
1124 260 22996
1060 196 22920
1112 132 22916
1036 244 23056
1104 264 22912
1092 252 23064
1084 316 23092
1196 144 23164
1196 172 23064
1136 196 23144
1108 232 23028
1164 168 23276
1056 252 23152
1176 188 22964
1088 304 22996
1144 144 23036
1108 244 23000
1116 336 22964
1112 256 23104
1112 252 22964
1092 188 23228
988 196 23172
1148 204 23056
1028 192 22980
1092 148 23044
1036 268 23080
1084 132 23092
1096 148 23044
976 192 22912
1108 168 23048
1188 248 22964
1084 216 23020
1136 112 23112
1040 108 23044
1084 200 23168
1100 168 23072
1132 168 23112
1188 188 22976
944 164 23084
1076 240 23064
1008 144 22964
1128 140 23048
1032 132 22992
1096 168 23068
1076 116 23008
1108 232 23104
1112 200 23092
1060 184 23100
1012 260 23080
1076 268 23020
1144 176 23136
1136 164 23160
1004 212 22988
1100 296 23068
1048 164 23004
1164 212 23124
1136 132 22980
1068 180 23096
1020 300 22972
1136 204 22968
1084 256 22976
1084 196 23088
1016 184 23048
1060 288 22996
1132 200 23060
1152 240 23036
1040 252 23100
1088 164 23072
1096 328 22952
1036 208 23104
988 228 23172
1088 252 23004
1092 252 23044
1036 316 23032
1056 260 22916
1076 224 23080
1156 200 23024
1172 248 23104
1100 144 23068
1120 164 23016
1148 204 23016
1144 148 23140
1136 220 23032
1200 196 23032
1152 312 22992
1156 84 23044
1020 120 23096
1092 124 22896
1112 164 22984
1068 196 23044
1108 200 23128
1080 220 22972
1044 128 23004
1056 196 23104
1124 172 23048
1112 208 23060
1036 104 23048
1072 156 23032
1180 248 23100
1116 184 23048
1032 212 23124
1096 180 23104
1128 224 23036
1128 176 23056
1120 188 23032
996 84 23020
968 252 23024
1120 192 23132
1076 140 23092
1148 196 22988
992 244 23084
1152 224 23136
1068 288 23016
1216 300 23056
1088 196 23188
1144 204 23060
1132 272 23016
1136 240 23100
1124 216 23108
1076 240 22992
1020 292 23180
1188 168 23028
1116 272 23096
1212 248 22968
1120 244 22940
1064 180 23080
1136 116 23196
1168 144 22988
1068 148 22868
1116 136 23068
1120 212 22876
1160 176 22968
1068 20 23032
1108 124 22944
1072 200 23032
1100 176 23152
1064 212 22984
980 148 22972
1032 112 23072
1012 128 23092
1044 180 23164
1104 180 22968
1092 220 23068
1132 164 23260
1004 188 23068
1128 248 22928
1052 164 23188
1052 216 23104
1080 264 22980
1160 312 23048
1056 268 23176
1024 188 23032
964 360 23048
1028 244 23056
1068 212 22964
1096 180 23072
912 260 23156
1064 252 22936
1048 184 22956
1068 224 23176
1048 240 23004
1072 384 23100
1160 304 23044
1116 360 23216
1120 260 23092
1076 244 23092
1060 332 23084
1012 220 23064
1120 292 22936
1052 252 23032
1088 336 22892
1184 312 23000
1068 176 23080
1160 292 23156
1052 224 22984
1072 196 23124
1128 260 23068
1020 164 23136
1056 196 23068
1152 248 23220
1040 200 23060
1016 204 23080
1096 168 23028
1008 168 23024
1048 264 23208
1032 288 23100
1092 188 23104
1012 188 22956
1064 280 23092
1140 200 23112
1040 204 23008
1148 232 22924
1092 196 22972
1136 272 23044
1148 168 23008
1156 192 22992
1012 336 23056
1036 72 23060
1008 128 22992
976 64 22896
876 -320 23176
696 -648 23100
724 -1024 23072
860 -1136 23192
936 -1144 23180
1252 -1072 23208
1352 -1036 23192
1320 -784 23140
1340 -656 23076
1380 -384 22988
1544 -280 23068
1376 580 22776
1136 796 22836
1008 800 22796
1056 852 23140
984 908 22924
968 832 23184
1000 980 23128
772 940 23108
728 956 23020
712 1024 22924
796 968 23036
764 840 23140
852 812 23144
784 868 22972
756 848 22968
720 748 22964
924 764 22972
772 628 23092
836 548 22872
956 448 23064
1032 212 22968
1060 336 23012
928 164 22960
1116 212 23064
976 228 23036
1000 256 22916
976 220 23104
1032 144 22916
984 216 23044
1116 272 23028
1012 348 22940
1004 192 23188
960 256 22980
880 240 22988
936 208 22988
1104 248 23220
1004 172 23092
972 212 23152
1000 108 23076
1052 204 23044
956 252 23104
1060 248 23080
1000 324 23088
1012 260 23104
1028 248 23080
928 296 23144
1088 196 23064
1056 308 23000
1080 280 23112
956 228 23096
1080 132 23008
1028 284 23012
1004 260 23080
1032 264 23044
960 232 22996
972 268 23076
988 384 23076
1056 296 23188
1116 192 23180
1104 192 22940
1040 192 23108
1060 204 23104
1036 236 22952
1004 288 22916
1072 212 23104
1064 272 22996
1060 204 22984
1124 308 22984
1060 320 23136
1100 192 23244
1076 288 23140
1060 196 23056
996 240 23076
1140 268 23056
1068 228 22960
1028 316 23032
1064 232 23048
1064 220 23072
996 240 23104
936 212 23024
1068 228 23100
964 124 23036
1020 144 22988
1052 260 23008
1120 252 23156
964 308 23032
980 204 23000
1068 268 23096
1064 328 22880
1032 284 22904
1044 392 22860
1032 272 23048
924 328 22972
1096 140 23088
1068 240 22984
1036 136 23144
1172 196 23068
996 208 23112
952 188 23072
980 232 23052
1068 132 23232
992 16 23416
1072 8 23380
1048 68 23492
984 -64 23260
1048 116 23196
952 132 23268
1032 168 23368
1004 100 23088
1088 208 23184
1108 236 23168
1128 256 23036
1112 184 23068
1076 164 23096
1064 156 23060
1088 196 22972
992 280 23100
1108 284 22968
1000 212 23000
1020 220 23240
920 212 23116
968 368 23108
924 300 23096
904 232 23252
856 308 23196
736 276 23196
792 352 23000
868 260 23116
976 220 23116
1076 328 23124
904 268 23140
1104 332 23140
1160 400 22980
1056 392 23140
1132 364 23320
1140 388 23232
1132 224 23440
1136 216 23312
1144 124 23404
1088 144 23444
1168 20 23428
1084 0 23392
1124 112 23504
1140 24 23632
1172 56 23580
1024 140 23612
1048 124 23384
1132 232 23652
1104 236 23424
984 216 23288
800 580 22728
764 444 22296
1080 376 22568
1092 524 22280
1024 560 22276
1100 588 22204
1048 360 22452
1228 212 22688
1332 500 22876
1496 628 23372
1456 616 23628
928 412 23148
420 332 22844
360 268 22700
384 244 22864
420 316 23044
556 268 23084
828 416 23156
860 308 23304
988 228 23256
996 148 23252
924 216 23264
1036 260 23176
1052 332 23276
1152 408 23316
1040 452 23272
972 204 23224
1036 200 23160
964 272 23076
1008 208 23288
856 208 23072
1068 248 23232
1044 320 23172
1080 356 22928
1084 444 22948
1148 416 22968
1124 448 23100
1108 464 23168
1060 492 23188
1168 340 23132
1168 468 23232
1292 484 23320
1300 492 23128
1252 448 23300
1220 476 23216
1040 424 23056
904 480 22944
908 340 23052
868 452 22880
712 416 22976
816 280 23052
884 292 22860
932 268 23132
800 364 22996
844 404 23192
756 440 23060
688 236 23140
832 252 23200
812 240 23096
800 372 22836
892 336 23060
972 468 23068
1028 504 22944
1088 464 23072
1064 552 22940
1092 416 22732
1104 472 23016
1016 356 23136
868 360 23144
820 296 23164
800 220 23304
728 204 23236
784 56 23296
828 20 23116
764 60 23172
880 300 23272
896 400 23144
920 628 23072
952 704 23200
964 480 23112
900 632 22908
948 724 22708
984 596 22856
912 732 22764
904 780 22772
1080 780 22820
1084 712 22888
1236 636 22652
1192 756 22908
1072 764 22952
1156 604 22920
1084 700 22756
1240 592 22932
1164 480 22892
1076 416 23044
1140 552 22996
1012 556 23100
1140 544 23164
1136 620 23184
1100 480 23440
1496 552 23324
1564 652 23432
1808 600 23580
2096 636 23880
2040 680 24028
1744 588 23800
1208 544 23452
764 428 23172
580 348 23348
500 264 23576
552 204 23716
452 312 23600
428 116 23600
772 -616 23600
1176 -1284 23720
1132 -488 23320
1176 -28 23316
1144 324 23388
1044 592 23444
1128 940 23360
1188 992 23484
1104 1036 23832
1144 1064 23924
1052 988 23968
968 1048 24156
964 944 24292
764 1028 24380
780 1036 24364
604 1320 24500
620 1252 24620
732 484 24524
816 396 24804
936 552 24740
1116 568 24960
1336 620 25184
1456 680 25228
1732 888 25220
1700 964 25200
1656 912 25400
1872 1040 25344
1856 1000 25592
1732 896 25604
1688 796 25636
1680 960 25556
1556 840 25560
1504 856 25396
1300 844 25484
1352 720 25352
1132 556 25312
964 548 25304
400 480 25236
200 652 25292
84 484 25160
-20 296 25004
-52 452 24964
-140 616 24828
-192 572 24904
8 712 25020
196 724 24956
368 900 24832
420 1100 24752
584 964 24752
700 1080 24732
832 1144 24624
1000 1168 24464
956 1212 24424
1204 1392 24344
1140 1608 24300
1236 1432 24172
1200 1528 24156
1272 1588 23976
1272 1544 23876
1252 1556 23984
1300 1616 24024
1356 1824 23976
1424 1780 23924
1340 1828 23652
1432 1964 23652
1412 2088 23664
1412 2028 23624
1388 2008 23568
1452 1980 23692
1424 1972 23604
1452 1956 23784
1492 1960 23700
1396 2036 23556
1564 2164 23560
1484 2092 23600
1524 2144 23480
1428 2180 23348
1508 2404 23104
1548 2496 23144
1400 2520 22988
1412 2520 22784
1424 2524 22732
1332 2420 22632
1520 2456 22600
1476 2488 22704
1364 2840 22260
1436 2904 22488
1384 3076 22612
1132 3520 22184
1044 3616 22472
1176 3416 22492
1016 3452 22668
980 3396 22496
1164 3516 22716
1208 3552 22748
1200 3344 22776
1172 3576 23004
1172 3400 22964
1196 3440 22804
1200 3280 22888
1336 3088 23000
1348 3064 22856
1396 3432 22800
1328 3580 22748
1376 3700 22748
1248 3748 22664
1052 3928 22440
1004 4120 22524
984 4196 22420
1068 4244 22292
1152 4312 22356
1216 4248 22348
1156 4200 22220
1104 4336 22176
1072 4440 22204
1028 4396 22184
1108 4416 22104
940 4336 22016
936 4440 21740
968 4352 21768
800 4460 21688
712 4656 21500
608 4516 21464
572 4640 21628
604 4484 21560
520 4596 21420
428 4572 21492
392 4560 21468
508 4752 21632
396 4796 21564
504 4880 21436
496 4972 21428
528 5020 21372
560 5000 21340
704 5064 21492
532 5168 21588
644 5192 21528
500 5648 21292
492 5364 21440
540 5360 21396
580 5296 21340
600 5264 21576
752 5348 21648
752 5504 21664
820 5476 21560
820 5668 21532
836 5588 21512
1020 5620 21588
1000 5704 21668
1104 5828 21684
952 5620 21628
1152 5932 21684
960 5952 21772
988 5960 21668
948 5948 21656
884 6020 21576
968 5964 21792
972 5948 21836
1024 5836 21832
1120 5840 22160
1060 6076 21948
1180 6168 22132
1160 6104 22052
1096 6004 22080
1000 6108 21924
1112 6172 21940
1032 6248 21960
1104 6032 22104
1148 6028 22060
1208 5964 22116
1244 6080 22144
1120 6120 21972
1100 6264 21984
1132 6312 22056
976 6404 21984
1112 6480 22064
992 6532 22036
820 6640 21852
880 6648 21688
888 6576 21756
872 6764 21668
840 6748 21800
844 6728 21760
748 6532 21792
940 6620 21728
900 6644 21600
840 6676 21736
944 7076 21180
852 7112 21360
908 7092 21176
900 7208 21264
668 7216 21044
680 7260 21080
636 7504 21184
672 7464 21092
632 7296 21076
736 7284 21224
764 7328 21076
792 7128 21284
836 7208 21232
952 7288 21088
1048 7264 21132
1120 7312 21412
1200 7372 21296
976 7492 21212
1016 7712 21176
1004 7856 21160
1036 7692 21144
956 7740 20908
1140 7736 21008
1296 7596 20904
1228 7256 20736
1352 7380 20860
1248 7564 20828
1312 7676 20916
1136 7912 20872
1148 7948 20964
992 8048 20712
1008 8048 20732
1140 8232 20708
1072 8096 20572
1128 8288 20652
1048 8260 20732
1132 8288 20660
1344 8196 20604
1180 8216 20732
1132 8232 20808
1152 8252 20828
1288 8248 20908
1228 8172 20996
1208 8320 21060
1260 8360 21028
1176 8176 20984
1248 8340 20960
1204 8252 20908
1152 8340 21076
1148 8388 20996
1040 8576 20644
1028 8624 20624
956 8504 20424
960 8476 20448
1472 8548 20944
1464 8544 20616
1340 8632 20500
1008 8648 20448
872 8656 20212
724 8684 20032
744 8692 20084
784 8764 20076
672 8904 20120
860 8916 20220
844 8780 20272
916 8760 20176
776 8844 20072
756 8868 20092
784 8828 20096
816 9036 20000
828 9064 20020
944 9196 20008
1000 9120 19992
916 9148 19868
1020 9156 19880
1492 9084 20304
1064 9596 19224
1072 9340 19484
996 9404 19252
1068 9508 19220
1296 9532 19416
1344 9584 19280
1348 9520 19440
1340 9532 19476
1476 9516 19340
1280 9620 19512
1380 9616 19568
1272 9612 19632
1216 9656 19592
1188 9564 19532
1080 9588 19668
1032 9532 19792
912 9508 19724
976 9540 19808
968 9496 19920
940 9604 19916
908 9612 19920
864 9496 20184
812 9700 20060
768 9656 19868
1108 9844 19556
1024 9888 19572
972 9964 19484
968 10044 19180
1228 10000 19276
1068 10580 17436
1556 10100 17252
1876 10436 17084
2292 10744 17372
2288 10916 17472
2284 11244 17408
2052 11080 17872
1980 10980 18020
1820 10780 18200
1656 10756 18284
1532 10500 18652
1384 10372 18564
1260 10344 18588
1140 10192 18500
1068 10116 18488
840 10076 18560
740 10160 18572
752 10048 18688
800 10188 18928
748 10444 19044
812 10352 19276
876 10276 19360
960 10636 19152
1056 10624 19348
1172 10604 19400
1252 10676 19276
1328 10700 19268
1392 10832 19280
1436 10748 19300
1500 10504 19288
1380 10608 19048
1352 10660 19076
1308 10664 19108
1280 10540 19060
1268 10680 18980
1136 10756 19024
1304 10692 19112
1152 10616 19160
1156 10592 19112
1120 10592 19220
1064 10784 19124
1168 10664 19000
1216 10624 19036
1224 10660 18856
1276 10772 18948
1000 10864 19132
1116 10820 19156
1116 10832 19256
1080 11020 19268
1136 10916 19224
1244 10908 19348
1240 10828 19364
1260 10944 19360
1292 10900 19444
1300 10972 19316
1320 10928 19276
1144 10832 19384
1280 11016 19252
1380 10992 19136
1280 10904 18976
1180 10944 19120
1236 11000 18964
1164 10988 19024
1212 10964 18808
1300 11152 18680
1252 11036 18748
1164 11128 18536
1104 11016 18548
1160 11128 18592
1008 11188 18496
1088 11156 18396
980 11308 18564
1000 11224 18560
996 11248 18348
988 11204 18364
888 11168 18408
940 11228 18464
928 11236 18556
1048 11312 18480
948 11352 18536
1076 11256 18496
1088 11352 18560
1120 11400 18456
1156 11368 18460
1152 11376 18608
1124 11400 18484
1096 11440 18472
1240 11436 18500
1272 11452 18624
1196 11476 18612
1296 11504 18460
1284 11504 18432
1244 11456 18456
1220 11432 18468
1096 11488 18452
1168 11404 18384
1124 11504 18344
1076 11480 18112
1088 11556 18396
1084 11508 18256
1120 11604 18244
968 11552 18204
1052 11668 18200
1004 11592 18236
956 11572 18004
968 11784 18148
948 11620 18160
876 11716 18160
1000 11776 18172
984 11748 18144
1044 11744 18136
1192 11796 18164
1188 11716 18232
1120 11832 18240
1156 11788 18352
1128 11788 18324
1208 11752 18180
1212 11820 18272
1144 11732 18132
1240 11768 18156
1148 11756 18248
1052 11812 18192
1032 12040 18320
1056 11892 18468
1060 11944 18352
1272 11944 18216
1092 11968 18132
1188 11988 18148
1184 11908 18068
1180 11848 17772
1200 12012 18020
1116 11948 18016
1032 12020 17940
1200 11988 17876
1096 11952 17828
1132 12072 17728
1252 12120 17872
1080 11940 17992
1192 12072 17696
1140 12136 17700
1100 12172 17704
1152 12128 17664
1208 12248 17764
1260 12360 17832
1276 12232 17620
1160 12172 17572
1096 12276 17400
1124 12356 17328
1172 12220 17532
1012 12328 17388
908 12076 17352
1076 12228 17492
980 12332 17384
820 12372 17276
992 12240 17560
1020 12212 17240
1036 12156 17132
1092 12380 17252
876 12384 17364
888 12524 17316
848 12460 17292
1052 12428 16964
996 12492 16872
1116 12432 16992
1116 12512 16956
1148 12520 17084
1208 12416 16952
1092 12624 16916
1012 12556 16816
1140 12496 16904
1104 12584 16876
1080 12604 16664
984 12640 16708
1048 12472 16728
1108 12568 16676
1088 12648 16548
1096 12680 16604
1192 12616 16552
1072 12432 16580
1064 12608 16592
996 12756 16752
880 12668 16648
952 12608 16676
976 12812 16408
920 12896 16688
952 12748 16476
1060 12748 16660
1064 12784 16720
1072 12704 16764
1128 12776 16816
1056 12668 16924
1124 12736 16820
1136 12944 16868
1212 12844 17004
1192 12800 17060
1100 12740 17044
1016 12884 17104
1084 12876 17072
1132 12752 17132
1220 12868 16992
1284 12876 16896
1288 12860 17028
1128 12872 16912
1172 12788 16808
1124 12936 16924
1256 12984 16980
1168 12948 17124
1200 12964 16920
1220 12916 16776
1192 12952 16844
1128 12944 16744
1124 12972 16828
1200 12988 16996
1168 13072 16832
1200 12992 16776
1224 13072 16584
1280 13092 16696
1192 13024 16640
1152 12964 16740
1076 13036 16660
1104 13048 16616
1128 13012 16500
1132 13080 16444
1152 13196 16452
1148 13080 16328
1056 13080 16320
1004 13084 16316
980 13132 16292
1040 13080 16292
976 13156 16204
1032 13100 16208
1020 13260 16168
1076 13236 16232
1052 13260 16264
1044 13252 16192
1132 13232 16188
1120 13340 16428
1160 13364 16152
1108 13284 16304
1192 13168 16200
1088 13228 16244
1052 13172 16240
992 13216 16196
1032 13280 16384
1092 13344 16400
1316 13276 16304
1320 13364 16096
1268 13364 16316
1200 13264 16288
1336 13320 16344
1092 13288 16504
1232 13424 16384
1112 13468 16264
1212 13392 16420
1212 13380 16428
1228 13388 16368
1212 13396 16396
1112 13392 16384
1108 13300 16352
1124 13424 16200
1104 13328 16228
1108 13400 16200
1240 13416 16124
1228 13456 16108
1252 13416 16072
1208 13556 15988
1184 13536 16152
1252 13572 15844
1236 13668 15896
1372 13540 15932
1196 13532 16020
1068 13612 15916
1096 13536 15892
928 13592 16100
980 13556 15876
1080 13544 15936
1176 13668 15976
1160 13668 15768
1196 13584 15720
1324 13648 15728
1260 13572 15724
1248 13456 15608
1204 13580 15764
1096 13728 15556
1104 13748 15724
1180 13664 15856
1136 13768 15748
1108 13752 15728
1160 13684 15708
1088 13704 15728
1128 13644 15872
1220 13640 15716
1052 13636 15872
1040 13680 15852
1112 13784 15996
1184 13844 15588
1252 13892 15752
1196 13812 15672
1152 13836 15552
1080 13816 15616
1156 13868 15404
1124 13892 15672
1324 13884 15500
1232 13924 15316
1232 13872 15376
1188 13936 15288
1280 13972 15152
1212 13944 15200
1308 13932 14984
1200 13968 15140
1188 14032 15180
1168 13924 15344
1156 13924 15384
1112 14016 15368
1180 14084 15196
1324 14068 15344
1376 14180 15092
1212 13976 15172
1192 14080 15156
1108 14108 15220
1052 14048 15176
1028 14064 15136
1152 14012 15148
1088 14048 14960
1048 14144 14988
980 14096 14988
936 14144 14956
972 14100 14964
908 14140 15072
1024 14184 15136
1176 14096 14960
1168 14212 14892
1172 14192 14972
1168 14224 14832
1152 14048 15068
1136 14176 15008
1108 14144 14804
1080 14228 14912
1228 14200 14952
1160 14204 14760
1108 14304 14816
988 14236 14860
1024 14284 14780
992 14228 14820
1108 14252 14808
1320 14292 14676
1176 14432 14608
1148 14376 14676
1116 14356 14452
1136 14340 14564
1176 14352 14624
1084 14504 14552
1268 14484 14408
1296 14552 14320
1232 14504 14288
1336 14380 14320
1124 14432 14248
1136 14528 14392
1220 14508 14240
1296 14472 14156
1152 14492 14136
1208 14620 14272
1344 14524 14148
1320 14552 14224
1300 14432 14284
1160 14532 14076
1196 14528 14236
1128 14544 14248
1296 14668 14464
1284 14612 14176
1220 14444 14132
1128 14592 14020
1172 14636 13912
1008 14628 14216
1144 14596 14028
1304 14708 14032
1184 14536 13972
1432 14784 14052
1180 14488 14036
1192 14736 14076
1264 14772 14192
1220 14592 14068
1112 14716 14144
1280 14652 14072
1144 14644 13860
1192 14704 14108
1212 14684 14084
1264 14628 13876
1236 14688 13844
1104 14740 14112
1184 14732 13924
1132 14644 13944
1188 14612 14140
1140 14652 14048
1056 14724 13956
1292 14792 13804
1132 14760 13704
1220 14856 13928
1216 14736 13860
1220 14804 13872
1108 14804 13908
1008 14792 13956
1228 14840 14000
1244 14776 13900
1232 14960 13976
1220 14912 13940
1160 14932 13788
1212 14852 13980
1124 14892 13936
1232 14840 13968
1088 14868 13804
1076 14848 13812
1144 14884 13796
1068 14892 13524
1080 14948 13472
900 14880 13524
988 14932 13532
1040 15012 13368
1148 15036 13176
988 14868 13228
1188 15144 13280
1256 14908 13228
1032 14872 13040
1204 15176 12972
1052 14948 12812
1104 15252 12924
1040 15136 12672
1120 15076 12568
992 15092 12648
1156 15288 12644
1172 15060 12428
1044 15132 12580
1244 15192 12768
1248 14944 12700
1324 15264 12748
1304 15148 12800
968 14964 12600
1148 15184 12676
1180 15124 12512
1072 15204 12268
1220 15352 12328
1100 15360 12120
984 15264 12216
1160 15308 12436
1248 15252 12308
1208 15272 12248
1184 15340 12364
1268 15300 12200
1144 15264 12280
1180 15244 12276
1068 15192 12232
1024 15348 12408
1060 15212 12220
1012 15228 12140
1052 15276 12100
1084 15384 12212
1080 15408 12208
904 15444 12104
940 15240 12064
1020 15388 12216
1072 15356 12160
1032 15376 12208
1132 15472 12160
1092 15392 12232
1024 15348 12256
1168 15432 12376
1088 15380 12288
1052 15356 12364
956 15280 12320
996 15176 12964
1076 15176 12816
1100 15268 12768
1056 15352 12624
1152 15300 12464
1220 15524 12376
1148 15396 12404
1036 15312 12552
1168 15460 12624
1188 15440 12532
1200 15500 12392
1128 15428 12408
1080 15528 12436
1208 15400 12556
1236 15376 12440
1256 15372 12300
1208 15316 12396
1156 15404 12476
1212 15304 12356
1096 15368 12324
1116 15304 12364
952 15340 12220
1128 15516 12344
1104 15384 12384
1164 15428 12324
1236 15416 12328
1276 15548 12108
1196 15416 11964
1072 15452 11844
1112 15492 11900
1088 15568 11804
1040 15516 11820
1172 15492 11912
964 15452 11748
988 15592 11648
1000 15448 11784
1156 15444 11724
1156 15552 11580
1100 15656 11588
1236 15608 11496
1200 15628 11532
1172 15684 11496
1220 15716 11416
1096 15704 11340
1156 15600 11356
924 15520 11392
1028 15676 11500
972 15512 11620
996 15580 11660
1048 15616 11568
1020 15684 11408
1036 15592 11404
1124 15648 11588
1180 15572 11532
1088 15660 11672
1056 15544 11712
1156 15524 11708
1124 15564 11668
1184 15492 11712
1140 15508 11900
1148 15608 11804
1060 15660 11916
1116 15556 12024
1128 15536 11912
1156 15484 11988
1124 15588 11968
1264 15464 12088
1192 15608 11984
1192 15476 12004
1152 15572 12088
1176 15588 12140
1116 15548 12008
1160 15520 12044
1180 15500 12216
1120 15580 12220
1168 15596 11960
1148 15548 12432
1208 15548 12324
1192 15452 12376
1152 15512 12416
1160 15524 12420
1160 15552 12536
1140 15436 12364
1172 15512 12420
1260 15520 12344
1336 15500 12400
1164 15472 12360
1272 15560 12336
1204 15460 12212
1252 15512 12348
1348 15548 12208
1184 15588 12032
1200 15644 12328
1212 15552 12252
1164 15468 12000
1200 15560 12120
1160 15580 12028
1104 15560 12040
1220 15584 11912
1208 15612 12068
1216 15568 11848
1260 15676 11964
1208 15496 11980
1208 15628 11960
1116 15556 11880
1228 15552 11828
1328 15500 12028
1108 15500 11988
1136 15532 11976
1244 15584 11848
1104 15544 11952
1180 15476 11968
1224 15600 11976
1124 15616 11984
1112 15508 12088
1240 15532 12032
1180 15568 12056
1188 15544 12004
1160 15572 12132
1164 15548 12068
1152 15564 12040
1108 15524 12016
1164 15476 12232
1148 15452 12092
1040 15588 12044
1172 15560 12188
1224 15604 11908
1168 15608 12040
1156 15604 11880
1188 15676 12076
1220 15648 12056
1204 15568 11984
1152 15548 12000
1120 15612 11932
1132 15600 11940
1160 15508 11820
1168 15548 11824
1156 15628 11740
1252 15624 11736
1152 15504 11804
1212 15600 11572
1068 15628 11744
1232 15632 11532
1168 15604 11608
1108 15588 11548
1096 15612 11496
1148 15680 11580
1196 15584 11556
1168 15652 11660
1192 15648 11576
1112 15652 11672
1204 15680 11484
1128 15636 11416
1108 15664 11460
1200 15584 11560
1220 15588 11524
1208 15604 11364
1212 15644 11520
1104 15596 11240
1180 15696 11492
1108 15660 11392
1256 15520 11412
1128 15600 11416
1208 15600 11448
1220 15676 11308
1040 15644 11416
1172 15592 11340
1180 15700 11312
1236 15680 11208
1112 15636 11160
1120 15712 11212
1232 15744 11124
1120 15696 11140
1208 15560 11016
1228 15620 11052
1156 15660 10980
1052 15532 10756
1220 15676 10684
1184 15672 10688
1260 15540 10688
1144 15556 10860
1180 15648 10628
1232 15756 10676
1200 15644 10668
1272 15624 10588
2184 14988 10312
2348 15968 10452
1228 15464 10864
508 15600 10816
868 15648 11168
1172 15376 11064
1444 15692 10652
1284 15540 10660
1136 15584 10428
1000 15660 10624
1020 15476 10748
888 15744 10672
524 15704 10584
616 15172 10188
732 14964 10264
360 15240 10828
596 15096 10660
1196 15524 10740
1180 15028 10472
776 15700 10460
844 14780 10284
960 15692 10384
1064 15024 10448
976 15512 10668
1016 15284 10740
1072 15276 10436
1028 15316 10548
1056 15096 10760
756 15068 10868
728 15196 11124
864 14924 11288
824 14764 11520
932 14992 11516
1028 14872 11696
980 14712 11696
944 14840 11728
1180 14820 11904
1024 14784 12052
1028 14840 11888
968 14460 12172
924 14880 12092
836 14600 12564
956 14492 12684
800 14552 12760
964 14364 13000
1040 14356 13056
1088 14352 13152
996 14260 13364
1024 14160 13488
876 14052 13576
940 14140 13552
864 14140 13644
860 13956 13656
828 14084 13528
1036 14120 13636
1072 14004 13704
1128 13932 13704
1040 14020 13920
1136 13796 13844
1116 13876 13900
1204 13756 13916
1124 13824 13920
1016 13732 14068
1016 13836 13972
1012 13712 14108
976 13652 14024
896 13592 14120
944 13540 14288
968 13668 14060
1040 13456 14200
936 13356 14288
792 13248 14544
876 13232 14676
768 13252 14664
732 13184 14628
760 13096 14776
820 13120 14888
948 13256 14852
936 13148 15100
1168 13084 15224
1192 13072 15332
1196 13132 15280
1080 12948 15492
1120 12920 15612
1148 12704 15616
1036 12652 15968
948 12680 15920
1088 12612 16228
1068 12628 16208
1108 12604 16348
1056 12456 16416
1092 12416 16896
1156 12560 17004
1092 12312 16924
1168 12316 16900
1160 12292 16912
1264 12312 16928
1336 12256 17248
1384 12364 17036
1284 12228 17120
1252 12312 17396
1288 12136 17480
1420 11928 17744
1296 12108 17784
1080 11880 17920
1124 11876 17964
1112 11736 17796
1160 11844 18040
1176 12064 18124
1320 11832 18156
1292 11896 18180
1288 11836 18216
1312 11712 18192
1304 11788 18164
1296 11728 18136
1168 11748 18344
1104 11764 18188
1076 11704 18064
1068 11668 18352
928 11680 18148
836 11660 18140
920 11516 18392
856 11600 18128
740 11300 18280
784 11336 17960
724 11448 17996
824 11300 18268
808 11268 17880
684 11276 18032
820 11264 17948
804 11352 17816
812 11132 17660
772 11196 17820
912 11032 17868
920 11040 17916
944 10896 17840
956 10936 17836
928 10836 18032
916 10832 18112
712 10768 18080
872 10712 18200
896 10628 18272
940 10628 18376
916 10744 18188
1108 10524 18296
984 10612 18100
1080 10556 18236
1052 10528 18128
1168 10512 18244
1056 10416 18132
948 10372 18300
956 10204 18200
900 10212 18380
916 10196 18376
1052 10064 18584
1088 9972 18656
1100 9912 19052
1048 10052 18852
1008 9976 18684
776 9868 18768
820 9820 18820
896 9648 19116
1092 9708 19664
1160 9764 19700
1128 9548 19796
1180 9504 20008
956 9488 19904
976 9344 19940
880 9296 20088
804 9216 20348
960 9312 20116
836 9104 20040
804 8976 20116
820 9000 20372
816 9000 20128
880 8996 20112
904 8932 20028
908 8852 20080
872 8820 20036
900 8888 20072
836 8808 20080
1056 8680 20028
940 8580 20344
996 8620 20376
1044 8484 20300
1048 8572 20600
1212 8512 20752
1324 8456 20828
1344 8560 21140
1372 8436 21284
1384 8320 21336
1104 8092 21912
1192 8068 21548
1196 8092 21692
1008 8020 21772
1100 7864 21496
1116 7872 21624
1140 7880 21612
1200 7872 21812
1228 7844 21604
1112 7816 21508
1072 7772 21592
1060 7676 21544
1064 7720 21496
1020 7768 21508
1044 7596 21468
856 7564 21480
888 7616 21364
844 7576 21344
764 7412 21292
720 7372 21168
636 7360 21228
612 7280 21408
588 7216 21152
540 7220 21156
592 7052 21152
736 7196 21100
600 7144 21216
780 7052 21160
704 7152 21184
836 6988 21336
888 6896 21484
856 6984 21484
884 6840 21416
772 6852 21528
892 6768 21584
1024 6788 21552
1032 6776 21632
1208 6672 21372
1436 6668 21796
1660 6676 22144
1792 6780 22140
1812 6668 22328
1952 6676 22648
2076 6640 22816
2096 6532 22540
2552 6444 23464
1980 6696 22664
1964 6180 22772
1680 6248 22628
1752 6308 22548
1480 6152 22416
1528 6060 22392
1416 6220 22296
1316 6028 22348
1272 6084 22400
1116 5824 22360
956 5900 22304
876 5864 22208
784 5784 22236
688 5640 22280
648 5540 22236
668 5500 22408
612 5420 22332
540 5352 22308
556 5452 22320
512 5396 22384
572 5312 22416
528 5332 22412
596 5256 22588
532 5116 22608
336 5096 22292
356 5056 22284
436 5084 22340
572 4880 22716
556 5080 22816
728 5068 22940
836 4992 23072
900 4956 23032
980 4984 23200
1188 5044 23204
1280 4972 23504
1392 4992 23512
1404 4940 23572
1364 4952 23476
1428 4848 23468
1516 4904 23552
1504 4732 23432
1408 4724 23368
1452 4844 23100
1376 4720 23220
1292 4480 23500
1200 4672 22920
1368 4648 23224
1128 4540 22940
1236 4548 23096
1132 4676 22884
1176 4492 23240
1068 4404 23044
1368 4000 24156
928 4464 23088
864 3988 23248
620 4068 23124
672 3728 23352
744 3644 23544
596 3868 23280
592 3712 23180
664 3724 23300
692 3676 23400
668 3692 23156
504 3704 23176
600 3692 23116
640 3588 23048
736 3696 23160
868 3648 23108
796 3584 23108
732 3608 23028
656 3552 22960
804 3544 22912
784 3632 22824
988 3552 22788
856 3384 22772
800 3520 22676
864 3536 22756
868 3460 22912
1044 3568 22936
992 3464 23208
1072 3468 23136
1176 3416 23408
1252 3492 23420
1248 3272 23704
1268 3392 23792
1204 3400 24004
1228 3364 23772
1292 3156 24024
1300 3348 23948
1312 3348 23876
1164 3244 24080
1200 3192 23928
1188 3096 24240
1188 3100 24044
1172 3040 23864
1224 3096 23780
1212 3040 23804
1036 2960 23768
984 2708 23504
992 2476 23280
828 2464 23244
792 2472 23512
728 2480 23416
780 2488 23328
492 2960 23416
448 2852 23408
492 2864 23392
448 2640 23244
556 2812 23304
584 2684 23136
516 2608 23276
556 2708 23192
692 2700 23316
732 2660 23300
692 2572 23236
660 2648 23236
748 2688 23120
764 2544 23156
624 2504 23204
648 2420 23192
552 2336 23048
664 2372 23068
532 2464 23268
552 2544 23396
512 2644 23264
528 2680 23340
684 2696 23296
712 2684 23320
808 2652 23540
876 2724 23416
1220 2552 23536
1180 2544 23664
1256 2612 23696
1392 2492 23652
1316 2528 23684
1388 2588 23628
1536 2564 23492
1580 2680 23488
1628 2516 23652
1656 2516 23472
1604 2492 23544
1420 2668 23440
1436 2568 23432
1436 2484 23272
1236 2548 23212
1276 2364 23324
1160 2452 23172
1164 2428 23092
1080 2272 23044
1000 2356 22920
968 2348 22852
888 2204 23016
836 2312 22928
688 2236 22648
452 2092 22012
460 2080 21864
568 2048 22044
644 2112 22052
712 1980 21996
800 2028 22116
984 1924 22212
1012 1900 22220
960 1900 22384
1168 1880 22416
1256 1908 22516
1324 2000 22476
1276 2036 22572
1276 2232 22740
1248 2272 22528
1268 2364 22536
1168 2356 22528
1112 2236 22448
1152 2156 22512
1000 1968 22268
880 1872 22304
908 1788 22224
896 1656 22252
792 1712 22044
704 1804 22020
732 1852 22052
576 1940 21880
652 1768 21980
720 1672 21836
716 1680 21932
660 1528 21780
732 1528 21984
856 1544 22120
752 1620 22160
800 1672 22280
828 1732 22216
856 1788 22184
848 1752 22248
780 1648 22436
824 1528 22456
764 1444 22068
808 1400 22416
724 1284 22164
700 1156 22104
432 1224 21764
336 1128 21808
-32 1296 21132
-448 1088 20340
-944 932 19412
-444 1208 20228
-740 2252 18516
-1132 2088 18176
-588 308 21292
-496 336 20660
284 560 21832
412 1072 21468
868 1456 21944
1212 1168 22356
1632 868 23024
1724 884 23392
1592 1180 22788
1604 980 22684
1788 744 22936
1920 776 22932
1800 840 22576
1696 880 22076
1576 580 22184
1492 668 22052
1284 772 21952
1092 804 21984
856 932 21824
632 928 22148
380 884 21968
244 608 22820
-88 740 23864
-920 1680 27244
-6508 -1912 32767
8780 -20664 32767
10788 5804 32767
6360 -4488 32767
6088 10692 6272
6060 -1768 19788
4156 4092 17616
2088 2288 21016
2084 696 18696
876 1692 22892
1440 -120 24596
292 -1252 24672
-1148 304 20804
-1156 -472 22164
228 284 22216
588 -420 23704
640 752 22048
836 80 23172
976 848 21944
1012 -160 23396
988 624 22436
992 104 23588
1192 448 22768
924 -20 23180
564 -1416 23004
760 -1220 23052
800 -964 23176
880 -872 22944
996 -580 23600
848 -564 23420
944 -156 22580
988 364 22764
1172 532 22844
1148 548 22788
1116 808 23044
1100 948 23112
1016 912 22824
896 864 22916
848 932 22904
752 960 22960
672 1068 22960
876 1220 23140
820 1296 23044
796 1008 23036
768 1044 23120
640 976 22816
744 792 23052
784 740 23008
672 520 23188
712 532 23176
620 388 23232
464 376 22852
752 152 23072
1744 324 23252
1496 168 23020
1592 60 23148
1652 236 23140
1540 228 23136
1404 232 23180
1432 344 23236
1496 420 23068
1444 364 23104
1424 420 23088
1324 492 22992
1320 348 22932
1272 444 23040
1280 460 22988
1272 424 22944
1268 420 22840
1284 476 23100
1268 524 22988
1208 368 23000
1236 376 23092
1288 328 22904
1008 288 23000
1080 120 22992
1016 280 22988
1012 224 23036
1112 168 23048
1076 268 23136
1080 244 23056
1056 240 22956
1020 360 23080
1048 280 22960
996 284 22864
1076 280 23052
1052 232 22968
1004 104 22988
1056 212 22972
1048 232 23008
1088 184 23036
1032 288 23084
1076 160 23152
952 204 22984
1080 200 23016
944 180 23000
1092 240 23024
1128 200 23124
1004 288 23124
984 264 22972
1008 280 22856
1044 300 23188
996 288 23020
1048 200 22920
1044 312 23100
976 268 22976
980 308 22900
960 260 23024
984 268 22908
1000 268 23028
1044 304 23084
1032 260 22972
980 232 23072
940 236 23056
1100 176 23176
1016 124 23012
1088 220 22860
1032 336 23072
1076 216 23132
968 216 23176
1052 248 23020
1028 288 23080
1088 276 23156
1012 176 23032
988 240 23104
892 256 23064
968 264 23044
980 256 23056
1024 208 23044
1020 328 22964
996 288 23132
960 288 22920
1052 148 23104
1088 244 22996
1028 156 23084
1024 212 23100
1076 208 22980
1140 232 22948
1176 244 22880
1068 256 22908
1140 284 22920
1092 296 22936
1080 204 22948
1052 152 22984
1088 196 23124
1076 164 23088
1112 252 23096
1052 200 22984
1060 208 23052
1072 204 23140
1056 132 22968
1088 164 22888
1068 164 23136
1080 228 22908
1072 236 23172
944 132 23084
1124 236 22936
1100 136 22968
1100 216 23044
1028 336 22880
1012 276 23104
1048 180 23112
1064 260 22872
1028 224 23056
1044 260 23016
956 208 23024
1156 188 22988
1072 240 23028
1092 232 23068
1080 204 23036
1072 256 23060
1048 108 22956
1108 196 23108
1048 172 23020
1080 240 23092
1088 84 23096
1020 188 23064
1108 212 23104
996 108 22952
1020 228 23172
960 180 23168
1040 244 23084
988 312 22976
988 272 23084
972 252 22960
1072 196 23148
1036 228 22964
1116 164 22996
1092 296 22660
1108 292 22564
1096 304 22316
1176 288 22368
1112 220 22240
1092 172 22932
1092 332 23636
1044 288 24344
896 324 24396
736 208 24224
784 164 23720
876 52 23672
956 112 23372
964 52 23180
1036 200 22992
1060 264 22676
1068 280 22256
1004 376 22252
972 344 22224
1068 356 22316
1072 184 22368
1128 200 22816
1076 260 23016
980 188 23236
992 136 23284
1000 172 23352
1036 72 23376
964 260 23488
952 140 23608
756 256 23452
920 268 23496
820 112 23288
864 164 23044
808 292 22804
980 216 22604
968 192 22456
1268 208 23256
1196 228 23456
1128 216 23412
1096 352 23380
984 268 23284
984 180 23208
936 292 23080
936 316 22892
976 208 22820
904 264 22628
1040 220 22704
1160 244 22836
1072 172 22840
1100 184 22788
1140 268 22804
1124 176 22968
1128 264 22936
1088 308 23240
1068 284 23308
1036 312 23200
1048 336 23156
1100 368 23276
1020 272 23036
1060 304 22876
1016 384 22928
996 340 22928
1016 336 22800
1024 308 22812
948 132 22812
1048 252 22896
1008 224 22816
1052 208 22892
1056 200 22988
1036 120 23060
1096 192 23188
1072 240 23176
1088 136 23324
1120 156 23244
1028 280 23332
956 140 23208
924 192 23236
984 132 23148
1060 240 23108
984 220 23036
1080 180 23028
1104 128 22940
1060 236 23008
1096 212 22860
1124 128 22824
1216 128 22852
1060 304 23068
1004 236 23024
1052 192 23016
1100 316 23104
1124 292 22992
1016 264 23112
992 336 23140
928 264 23080
920 276 23192
992 300 23052
964 240 23152
980 284 23084
968 176 23132
1036 152 23136
956 140 23196
1060 180 23064
1084 248 22952
1132 172 22932
1012 200 22944
1072 144 22976
1100 192 22804
1056 268 23100
1028 228 23072
1028 132 22940
1012 244 22892
1080 132 23024
1172 240 22912
1156 228 22816
1160 256 22956
1040 180 22868
1060 208 23092
1104 228 22920
1132 244 23032
1168 212 23156
1060 148 23068
1064 260 22980
1096 196 23012
1080 204 23076
980 240 23264
1056 216 23164
1036 260 23172
988 276 22996
996 256 22996
1080 224 22996
1148 312 22964
1072 200 23124
1008 228 23000
928 244 23024
1044 340 23008
1076 388 23024
1000 288 23104
1048 284 22908
960 196 23012
908 200 22956
988 328 23016
988 256 23092
1044 260 23036
980 216 23160
1060 220 22948
1060 188 23100
928 296 23016
1024 232 22988
1056 260 23096
1128 148 22952
1132 376 23104
1044 244 23112
1016 144 23136
964 180 22968
1040 144 22960
1056 236 23040
1080 348 23084
1020 204 23036
964 220 23032
1068 272 23176
940 228 23004
1020 324 22756
944 268 22684
916 392 22856
972 232 22860
952 464 22664
1060 44 23372
1048 280 23264
912 84 23452
928 288 23384
1072 52 23232
948 96 23160
964 204 23024
940 308 23004
988 156 22996
1068 120 23012
916 52 23188
920 140 23100
928 252 22980
1024 232 23016
1052 244 23052
912 220 22936
968 168 23056
924 204 23000
1020 204 23076
952 288 22980
