-105 -422 -385
-101 -420 -383
-101 -420 -383
-101 -420 -383
-101 -420 -383
-101 -420 -383
-101 -420 -383
-101 -420 -383
-102 -420 -383
-102 -420 -383
-102 -420 -383
-102 -420 -383
-102 -420 -383
-102 -420 -383
-104 -423 -383
-104 -423 -383
-104 -423 -383
-104 -423 -383
-104 -423 -383
-104 -423 -383
-103 -422 -382
-103 -422 -382
-103 -422 -382
-103 -422 -382
-103 -422 -382
-103 -422 -382
-103 -422 -382
-103 -419 -385
-103 -419 -385
-103 -419 -385
-103 -419 -385
-103 -419 -385
-103 -419 -385
-106 -426 -385
-106 -426 -385
-106 -426 -385
-106 -426 -385
-106 -426 -385
-106 -426 -385
-100 -422 -382
-100 -422 -382
-100 -422 -382
-100 -422 -382
-100 -422 -382
-100 -422 -382
-100 -422 -382
-105 -422 -385
-105 -422 -385
-105 -422 -385
-105 -422 -385
-103 -420 -383
-103 -420 -383
-103 -420 -383
-103 -420 -383
-103 -420 -383
-103 -420 -383
-103 -420 -381
-102 -420 -381
-102 -420 -381
-102 -420 -381
-102 -420 -381
-102 -420 -381
-102 -420 -381
-106 -418 -384
-106 -418 -384
-106 -418 -384
-106 -418 -384
-106 -418 -384
-106 -418 -384
-106 -420 -383
-106 -420 -383
-106 -420 -383
-106 -420 -383
-106 -420 -383
-106 -420 -383
-106 -420 -383
-105 -422 -383
-105 -422 -383
-105 -422 -383
-105 -422 -383
-105 -422 -383
-105 -422 -383
-103 -423 -382
-103 -423 -382
-103 -423 -382
-103 -423 -382
-103 -423 -382
-103 -423 -382
-105 -423 -381
-105 -423 -381
-105 -423 -381
-105 -423 -381
-105 -423 -381
-105 -423 -381
-105 -423 -381
-105 -422 -383
-105 -422 -383
-105 -422 -383
-105 -422 -383
-105 -422 -383
-104 -421 -384
-104 -421 -384
-104 -421 -384
-104 -421 -384
-104 -419 -385
-104 -419 -385
-104 -419 -385
-104 -419 -385
-104 -419 -385
-104 -419 -385
-104 -419 -385
-102 -424 -384
-102 -424 -384
-102 -424 -384
-102 -424 -384
-102 -424 -384
-102 -424 -384
-104 -422 -384
-104 -422 -384
-104 -422 -384
-104 -422 -384
-104 -422 -384
-104 -422 -384
-104 -422 -384
-105 -423 -377
-105 -423 -377
-105 -423 -377
-105 -423 -377
-105 -423 -377
-105 -423 -377
-105 -422 -383
-105 -422 -383
-105 -422 -383
-105 -422 -383
-105 -422 -383
-105 -422 -383
-103 -424 -385
-103 -424 -385
-103 -424 -385
-103 -424 -385
-103 -424 -385
-103 -424 -385
-103 -424 -385
-99 -418 -383
-99 -418 -383
-99 -418 -383
-99 -418 -383
-99 -418 -383
-99 -418 -383
-104 -422 -377
-105 -422 -382
-105 -422 -382
-105 -422 -382
-105 -422 -382
-103 -421 -384
-103 -421 -384
-103 -421 -384
-103 -421 -384
-103 -421 -384
-103 -421 -384
-103 -421 -384
-104 -422 -382
-104 -422 -382
-104 -422 -382
-104 -422 -382
-104 -422 -382
-104 -422 -382
-104 -421 -382
-104 -421 -382
-104 -421 -382
-104 -421 -382
-104 -421 -382
-104 -421 -382
-106 -423 -380
-106 -423 -380
-106 -423 -380
-106 -423 -380
-106 -423 -380
-106 -423 -380
-106 -423 -380
-106 -422 -383
-106 -422 -383
-106 -422 -383
-106 -422 -383
-106 -422 -383
-106 -422 -383
-106 -420 -380
-106 -420 -380
-106 -420 -380
-106 -420 -380
-106 -420 -380
-106 -420 -380
-102 -422 -384
-102 -422 -384
-102 -422 -384
-102 -422 -384
-102 -422 -384
-102 -422 -384
-102 -422 -384
-101 -422 -385
-101 -422 -385
-103 -420 -386
-103 -420 -386
-103 -420 -386
-103 -420 -386
-103 -420 -386
-103 -420 -386
-106 -421 -382
-106 -421 -382
-106 -421 -382
-106 -421 -382
-106 -421 -382
-106 -421 -382
-106 -421 -382
-108 -420 -381
-108 -420 -381
-108 -420 -381
-108 -420 -381
-108 -420 -381
-108 -420 -381
-101 -421 -385
-101 -421 -385
-101 -421 -385
-101 -421 -385
-101 -421 -385
-101 -421 -385
-101 -421 -385
-104 -423 -381
-104 -423 -381
-104 -423 -381
-104 -423 -381
-104 -423 -381
-104 -423 -381
-106 -421 -382
-106 -421 -382
-106 -421 -382
-106 -421 -382
-106 -421 -382
-106 -421 -382
-103 -421 -383
-103 -421 -383
-103 -421 -383
-103 -421 -383
-103 -421 -383
-103 -421 -383
-103 -421 -383
-103 -424 -381
-103 -424 -381
-103 -424 -381
-103 -424 -381
-106 -424 -382
-106 -424 -382
-106 -424 -382
-106 -424 -382
-106 -424 -382
-106 -424 -382
-104 -420 -383
-104 -420 -383
-104 -420 -383
-104 -420 -383
-104 -420 -383
-104 -420 -383
-102 -419 -384
-102 -419 -384
-102 -419 -384
-102 -419 -384
-102 -419 -384
-102 -419 -384
-102 -419 -384
-100 -420 -383
-100 -420 -383
-100 -420 -383
-100 -420 -383
-100 -420 -383
-100 -420 -383
-100 -421 -379
-100 -421 -379
-100 -421 -379
-100 -421 -379
-100 -421 -379
-100 -421 -379
-104 -422 -384
-104 -422 -384
-104 -422 -384
-104 -422 -384
-104 -422 -384
-104 -422 -384
-104 -422 -384
-100 -422 -383
-100 -422 -383
-100 -422 -383
-100 -422 -383
-100 -422 -383
-100 -422 -383
-102 -421 -381
-102 -421 -381
-102 -421 -381
-102 -421 -381
-102 -421 -381
-102 -421 -381
-104 -420 -385
-104 -420 -385
-104 -420 -385
-104 -420 -385
-102 -423 -384
-102 -423 -384
-102 -423 -384
-102 -423 -384
-102 -423 -384
-102 -423 -384
-102 -423 -384
-101 -422 -382
-101 -422 -382
-101 -422 -382
-101 -422 -382
-101 -422 -382
-101 -422 -382
-103 -422 -378
-103 -422 -378
-103 -422 -378
-103 -422 -378
-103 -422 -378
-103 -422 -378
-105 -424 -383
-105 -424 -383
-105 -424 -383
-105 -424 -383
-105 -424 -383
-105 -424 -383
-105 -424 -383
-104 -422 -382
-104 -422 -382
-104 -422 -382
-104 -422 -382
-104 -422 -382
-104 -422 -382
-106 -423 -385
-106 -423 -385
-106 -423 -385
-106 -423 -385
-106 -423 -385
-106 -423 -385
-104 -422 -382
-104 -422 -382
-104 -422 -382
-104 -422 -382
-104 -422 -382
-104 -422 -382
-104 -422 -382
-105 -426 -382
-106 -421 -384
-107 -420 -381
-107 -420 -381
-107 -420 -381
-107 -420 -381
-107 -420 -381
-107 -420 -381
-103 -420 -384
-103 -420 -384
-103 -420 -384
-103 -420 -384
-103 -420 -384
-103 -420 -384
-103 -420 -384
-102 -421 -385
-102 -421 -385
-102 -421 -385
-102 -421 -385
-102 -421 -385
-102 -421 -385
-105 -420 -383
-105 -420 -383
-105 -420 -383
-105 -420 -383
-105 -420 -383
-105 -420 -383
-105 -420 -380
-102 -420 -380
-102 -420 -380
-102 -420 -380
-102 -420 -380
-102 -420 -380
-102 -420 -380
-105 -420 -384
-105 -420 -384
-105 -420 -384
-105 -420 -384
-105 -420 -384
-105 -420 -384
-106 -418 -382
-106 -418 -382
-106 -418 -382
-106 -418 -382
-106 -418 -382
-106 -418 -382
-106 -418 -382
-105 -421 -383
-105 -421 -383
-105 -421 -383
-105 -421 -383
-104 -420 -386
-104 -420 -386
-104 -420 -386
-104 -420 -386
-104 -420 -386
-105 -422 -384
-105 -422 -384
-105 -422 -384
-105 -422 -384
-105 -422 -384
-105 -422 -384
-105 -422 -384
-102 -420 -381
-102 -420 -381
-102 -420 -381
-102 -420 -381
-102 -420 -381
-102 -420 -381
-103 -419 -382
-103 -419 -382
-103 -419 -382
-103 -419 -382
-103 -419 -382
-103 -419 -382
-104 -420 -385
-104 -420 -385
-104 -420 -385
-104 -420 -385
-104 -420 -385
-104 -420 -385
-104 -420 -385
-106 -421 -381
-106 -421 -381
-106 -421 -381
-106 -421 -381
-106 -421 -381
-106 -421 -381
-104 -418 -382
-104 -418 -382
-104 -418 -382
-104 -418 -382
-104 -418 -382
-104 -418 -382
-105 -422 -387
-105 -422 -387
-105 -422 -387
-105 -422 -387
-105 -422 -387
-105 -422 -387
-105 -422 -387
-105 -422 -384
-105 -422 -384
-105 -422 -384
-105 -422 -384
-105 -422 -384
-106 -424 -383
-106 -424 -383
-106 -424 -383
-106 -424 -383
-106 -424 -383
-106 -424 -383
-103 -421 -383
-103 -421 -383
-103 -421 -383
-103 -421 -383
-103 -421 -383
-103 -421 -383
-103 -421 -383
-104 -425 -384
-104 -425 -384
-104 -425 -384
-104 -425 -384
-104 -425 -384
-104 -425 -384
-103 -422 -384
-103 -422 -384
-103 -422 -384
-103 -422 -384
-103 -422 -384
-103 -422 -384
-103 -422 -384
-101 -424 -382
-101 -424 -382
-101 -424 -382
-101 -424 -382
-101 -424 -382
-101 -424 -382
-101 -421 -382
-101 -421 -382
-101 -421 -382
-101 -421 -382
-101 -421 -382
-101 -421 -382
-104 -420 -383
-104 -420 -383
-104 -420 -383
-104 -420 -383
-104 -420 -383
-104 -420 -383
-104 -420 -383
-104 -423 -385
-104 -423 -385
-104 -423 -385
-104 -423 -385
-104 -423 -384
-104 -423 -384
-104 -423 -384
-104 -423 -384
-104 -423 -384
-104 -423 -384
-103 -422 -381
-103 -422 -381
-103 -422 -381
-103 -422 -381
-103 -422 -381
-103 -422 -381
-104 -422 -381
-104 -422 -381
-104 -422 -381
-104 -422 -381
-104 -422 -381
-104 -422 -381
-104 -422 -381
-104 -421 -384
-104 -421 -384
-104 -421 -384
-104 -421 -384
-104 -421 -384
-104 -421 -384
-102 -420 -387
-102 -420 -387
-102 -420 -387
-102 -420 -387
-102 -420 -387
-102 -420 -387
-105 -423 -383
-105 -423 -383
-105 -423 -383
-105 -423 -383
-105 -423 -383
-105 -423 -383
-105 -423 -383
-103 -422 -382
-103 -422 -382
-103 -422 -382
-103 -422 -382
-103 -422 -382
-103 -422 -382
-103 -421 -382
-103 -421 -382
-103 -421 -382
-103 -421 -382
-103 -421 -382
-104 -422 -382
-104 -422 -382
-104 -422 -382
-104 -422 -382
-104 -422 -382
-104 -422 -382
-103 -422 -385
-103 -422 -385
-103 -422 -385
-103 -422 -385
-103 -422 -385
-103 -422 -385
-102 -421 -382
-102 -421 -382
-102 -421 -382
-102 -421 -382
-102 -421 -382
-102 -421 -382
-102 -421 -382
-106 -421 -387
-106 -421 -387
-106 -421 -387
-106 -421 -387
-106 -421 -387
-106 -421 -387
-102 -422 -381
-102 -422 -381
-102 -422 -381
-102 -422 -381
-102 -422 -381
-102 -422 -381
-100 -422 -383
-100 -422 -383
-100 -422 -383
-100 -422 -383
-100 -422 -383
-100 -422 -383
-100 -422 -383
-107 -422 -382
-107 -422 -382
-107 -422 -382
-107 -422 -382
-107 -422 -382
-107 -422 -382
-107 -420 -380
-107 -420 -380
-107 -420 -380
-107 -420 -380
-104 -422 -383
-104 -422 -383
-104 -422 -383
-104 -422 -383
-104 -422 -383
-104 -422 -383
-104 -422 -383
-104 -423 -381
-104 -423 -381
-104 -423 -381
-104 -423 -381
-104 -423 -381
-104 -423 -381
-104 -424 -382
-104 -424 -382
-104 -424 -382
-104 -424 -382
-104 -424 -382
-104 -424 -382
-105 -421 -381
-105 -421 -381
-105 -421 -381
-105 -421 -381
-105 -421 -381
-105 -421 -381
-105 -421 -381
-104 -423 -384
-104 -423 -384
-104 -423 -384
-104 -423 -384
-104 -423 -384
-104 -423 -384
-105 -419 -383
-105 -419 -383
-105 -419 -383
-105 -419 -383
-105 -419 -383
-105 -419 -383
-105 -420 -383
-104 -420 -376
-104 -420 -376
-104 -420 -376
-104 -420 -376
-104 -420 -376
-104 -420 -376
-105 -422 -383
-105 -422 -383
-105 -422 -383
-105 -422 -383
-105 -423 -380
-105 -423 -380
-105 -423 -380
-105 -423 -380
-105 -423 -380
-105 -423 -380
-100 -423 -383
-100 -423 -383
-100 -423 -383
-100 -423 -383
-100 -423 -383
-100 -423 -383
-100 -423 -383
-103 -421 -382
-103 -421 -382
-103 -421 -382
-103 -421 -382
-103 -421 -382
-103 -421 -382
-104 -421 -379
-104 -421 -379
-104 -421 -379
-104 -421 -379
-104 -421 -379
-104 -421 -379
-104 -423 -381
-104 -423 -381
-104 -423 -381
-104 -423 -381
-104 -423 -381
-104 -423 -381
-104 -423 -381
-107 -423 -382
-107 -423 -382
-107 -423 -382
-107 -423 -382
-107 -423 -382
-107 -423 -382
-107 -421 -383
-107 -421 -383
-107 -421 -383
-107 -421 -383
-107 -421 -383
-107 -421 -383
-107 -424 -374
-104 -424 -374
-104 -424 -374
-104 -424 -374
-104 -424 -374
-104 -424 -374
-103 -425 -383
-103 -425 -383
-103 -425 -383
-103 -425 -383
-103 -425 -383
-103 -425 -383
-105 -421 -385
-105 -421 -385
-105 -421 -385
-105 -421 -385
-105 -421 -385
-105 -421 -385
-105 -424 -385
-104 -424 -378
-104 -424 -378
-104 -424 -378
-104 -424 -378
-104 -424 -378
-104 -424 -378
-104 -423 -383
-104 -423 -383
-104 -423 -383
-104 -423 -383
-104 -423 -383
-104 -423 -383
-103 -422 -380
-103 -422 -380
-103 -422 -380
-103 -422 -380
-103 -422 -380
-103 -422 -380
-103 -422 -380
-105 -421 -387
-105 -421 -387
-105 -421 -387
-105 -421 -387
-105 -421 -387
-105 -421 -387
-105 -422 -388
-105 -422 -388
-105 -422 -388
-105 -422 -388
-105 -422 -388
-105 -422 -388
-103 -423 -384
-103 -423 -384
-103 -423 -384
-103 -423 -384
-103 -423 -384
-103 -423 -384
-101 -421 -385
-101 -421 -385
-105 -422 -379
-105 -422 -379
-105 -422 -379
-105 -422 -379
-105 -422 -379
-105 -422 -379
-104 -421 -385
-104 -421 -385
-104 -421 -385
-104 -421 -385
-104 -421 -385
-104 -421 -385
-103 -422 -385
-103 -422 -385
-103 -422 -385
-103 -422 -385
-103 -422 -385
-103 -422 -385
-103 -422 -385
-104 -423 -382
-104 -423 -382
-104 -423 -382
-104 -423 -382
-104 -423 -382
-104 -423 -382
-107 -423 -383
-107 -423 -383
-107 -423 -383
-107 -423 -383
-107 -423 -383
-107 -423 -383
-105 -419 -384
-105 -419 -384
-105 -419 -384
-105 -419 -384
-105 -419 -384
-105 -419 -384
-105 -419 -384
-105 -421 -382
-105 -421 -382
-105 -421 -382
-105 -421 -382
-105 -421 -382
-105 -421 -382
-106 -421 -384
-106 -421 -384
-106 -421 -384
-106 -421 -384
-109 -423 -383
-109 -423 -383
-109 -423 -383
-109 -423 -383
-102 -424 -383
-102 -424 -383
-102 -424 -383
-102 -424 -383
-102 -424 -383
-102 -424 -383
-102 -424 -383
-104 -419 -383
-104 -419 -383
-104 -419 -383
-104 -419 -383
-104 -419 -383
-104 -419 -383
-104 -421 -384
-104 -421 -384
-104 -421 -384
-104 -421 -384
-104 -421 -384
-104 -421 -384
-104 -421 -384
-103 -421 -384
-103 -421 -384
-103 -421 -384
-103 -421 -384
-103 -421 -384
-103 -421 -384
-103 -422 -381
-103 -422 -381
-103 -422 -381
-103 -422 -381
-103 -422 -381
-103 -422 -381
-104 -423 -381
-104 -423 -381
-104 -423 -381
-104 -423 -381
-104 -423 -381
-104 -423 -381
-104 -423 -381
-104 -423 -383
-104 -423 -383
-104 -423 -383
-104 -423 -383
-104 -423 -383
-104 -423 -383
-106 -417 -382
-104 -423 -383
-104 -423 -383
-104 -423 -383
-104 -423 -383
-102 -422 -381
-102 -422 -381
-102 -422 -381
-102 -422 -381
-102 -422 -381
-102 -422 -381
-106 -423 -383
-106 -423 -383
-106 -423 -383
-106 -423 -383
-106 -423 -383
-106 -423 -383
-106 -423 -383
-104 -424 -381
-104 -424 -381
-104 -424 -381
-104 -424 -381
-104 -424 -381
-104 -424 -381
-104 -420 -385
-104 -420 -385
-104 -420 -385
-104 -420 -385
-104 -420 -385
-104 -420 -385
-106 -420 -382
-106 -420 -382
-106 -420 -382
-106 -420 -382
-106 -420 -382
-106 -420 -382
-106 -420 -382
-105 -420 -384
-105 -420 -384
-105 -420 -384
-105 -420 -384
-105 -420 -384
-105 -420 -384
-107 -422 -380
-107 -422 -380
-107 -422 -380
-107 -422 -380
-107 -422 -380
-107 -422 -380
-104 -420 -380
-104 -420 -380
-104 -420 -380
-104 -420 -380
-104 -420 -380
-101 -420 -382
-101 -420 -382
-101 -420 -382
-101 -420 -382
-101 -420 -382
-101 -420 -382
-101 -420 -382
-100 -420 -385
-100 -420 -385
-100 -420 -385
-100 -420 -385
-100 -420 -385
-100 -420 -385
-102 -420 -382
-102 -420 -382
-102 -420 -382
-102 -420 -382
-102 -420 -382
-102 -420 -382
-103 -424 -384
-103 -424 -384
-103 -424 -384
-103 -424 -384
-103 -424 -384
-103 -424 -384
-103 -424 -384
-104 -419 -382
-104 -419 -382
-104 -419 -382
-104 -419 -382
-104 -419 -382
-104 -419 -382
-103 -420 -387
-103 -420 -387
-103 -420 -387
-103 -420 -387
-103 -420 -387
-103 -420 -387
-103 -425 -385
-103 -425 -385
-103 -425 -385
-103 -425 -385
-103 -425 -385
-103 -425 -385
-103 -425 -385
-105 -420 -386
-105 -420 -386
-105 -420 -386
-105 -420 -386
-104 -425 -385
-104 -425 -385
-104 -425 -385
-104 -425 -385
-104 -425 -385
-104 -425 -385
-104 -425 -385
-106 -421 -382
-106 -421 -382
-106 -421 -382
-106 -421 -382
-106 -421 -382
-106 -421 -382
-105 -422 -387
-105 -422 -387
-105 -422 -387
-105 -422 -387
-105 -422 -387
-105 -422 -387
-103 -425 -382
-103 -425 -382
-103 -425 -382
-103 -425 -382
-103 -425 -382
-103 -425 -382
-103 -425 -382
-108 -424 -383
-108 -424 -383
-108 -424 -383
-108 -424 -383
-108 -424 -383
-108 -424 -383
-105 -421 -382
-105 -421 -382
-105 -421 -382
-105 -421 -382
-105 -421 -382
-105 -421 -382
-104 -421 -385
-104 -421 -385
-104 -421 -385
-104 -421 -385
-104 -421 -385
-104 -421 -385
-104 -421 -385
-106 -422 -386
-106 -422 -386
-106 -422 -386
-106 -422 -386
-104 -423 -383
-104 -423 -383
-104 -423 -383
-104 -423 -383
-104 -423 -383
-104 -423 -383
-107 -425 -383
-107 -425 -383
-107 -425 -383
-107 -425 -383
-107 -425 -383
-107 -425 -383
-106 -421 -383
-106 -421 -383
-106 -421 -383
-106 -421 -383
-106 -421 -383
-106 -421 -383
-106 -421 -383
-105 -421 -381
-105 -421 -381
-105 -421 -381
-105 -421 -381
-105 -421 -381
-105 -421 -381
-105 -419 -382
-105 -419 -382
-105 -419 -382
-105 -419 -382
-105 -419 -382
-105 -419 -382
-103 -421 -383
-103 -421 -383
-103 -421 -383
-103 -421 -383
-103 -421 -383
-103 -421 -383
-103 -421 -383
-104 -423 -381
-104 -423 -381
-104 -423 -381
-104 -423 -381
-104 -423 -381
-104 -423 -381
-102 -422 -384
-102 -422 -384
-102 -422 -384
-102 -422 -384
-102 -422 -384
-103 -420 -383
-103 -420 -383
-103 -420 -383
-103 -420 -383
-103 -420 -383
-103 -420 -383
-106 -424 -381
-106 -424 -381
-106 -424 -381
-106 -424 -381
-106 -424 -381
-106 -424 -381
-105 -421 -379
-105 -421 -379
-105 -421 -379
-105 -421 -379
-105 -421 -379
-105 -421 -379
-105 -421 -379
-103 -424 -384
-103 -424 -384
-103 -424 -384
-103 -424 -384
-103 -424 -384
-103 -424 -384
-104 -419 -385
-104 -419 -385
-104 -419 -385
-104 -419 -385
-104 -419 -385
-104 -419 -385
-104 -419 -385
-104 -421 -380
-104 -421 -380
-104 -421 -380
-104 -421 -380
-104 -421 -380
-104 -421 -380
-104 -424 -377
-104 -424 -377
-104 -424 -377
-104 -424 -377
-104 -424 -377
-104 -424 -377
-102 -421 -385
-102 -421 -385
-102 -421 -385
-102 -421 -385
-102 -421 -385
-102 -421 -385
-104 -422 -383
-106 -423 -383
-106 -423 -383
-106 -423 -383
-106 -423 -383
-106 -423 -383
-106 -423 -383
-106 -423 -383
-107 -424 -384
-107 -424 -384
-107 -424 -384
-107 -424 -384
-107 -424 -384
-107 -424 -384
-105 -418 -385
-105 -418 -385
-105 -418 -385
-105 -418 -385
-105 -418 -385
-105 -418 -385
-105 -422 -379
-105 -422 -379
-105 -422 -379
-105 -422 -379
-105 -422 -379
-105 -422 -379
-105 -422 -379
-105 -420 -382
-105 -420 -382
-105 -420 -382
-105 -420 -382
-105 -420 -382
-105 -420 -382
-104 -423 -384
-104 -423 -384
-104 -423 -384
-104 -423 -384
-104 -423 -384
-104 -423 -384
-104 -423 -384
-104 -421 -382
-104 -421 -382
-104 -421 -382
-104 -421 -382
-104 -421 -382
-104 -421 -382
-104 -422 -383
-104 -422 -383
-104 -422 -383
-104 -422 -383
-104 -422 -383
-103 -419 -381
-103 -419 -381
-103 -419 -381
-103 -419 -381
-103 -419 -381
-103 -419 -381
-104 -420 -380
-104 -420 -380
-104 -420 -380
-104 -420 -380
-104 -420 -380
-104 -420 -380
-104 -420 -380
-104 -424 -377
-104 -424 -377
-104 -424 -377
-104 -424 -377
-104 -424 -377
-104 -424 -377
-103 -422 -383
-103 -422 -383
-103 -422 -383
-103 -422 -383
-103 -422 -383
-103 -422 -383
-103 -423 -384
-103 -423 -384
-103 -423 -384
-103 -423 -384
-103 -423 -384
-103 -423 -384
-103 -423 -384
-102 -421 -386
-102 -421 -386
-102 -421 -386
-102 -421 -386
-102 -421 -386
-102 -421 -386
-104 -420 -381
-104 -420 -381
-104 -420 -381
-104 -420 -381
-104 -420 -381
-104 -420 -381
-101 -421 -384
-101 -421 -384
-101 -421 -384
-101 -421 -384
-101 -421 -384
-103 -424 -383
-103 -424 -383
-103 -423 -382
-108 -423 -382
-108 -423 -382
-108 -423 -382
-108 -423 -382
-108 -423 -382
-108 -423 -382
-105 -423 -385
-105 -423 -385
-105 -423 -385
-105 -423 -385
-105 -423 -385
-105 -423 -385
-104 -423 -384
-104 -423 -384
-104 -423 -384
-104 -423 -384
-104 -423 -384
-104 -423 -384
-104 -423 -384
-104 -421 -382
-104 -421 -382
-104 -421 -382
-104 -421 -382
-104 -421 -382
-104 -421 -382
-104 -419 -380
-104 -419 -380
-104 -419 -380
-104 -419 -380
-104 -419 -380
-104 -419 -380
-105 -422 -383
-105 -422 -383
-105 -422 -383
-105 -422 -383
-105 -422 -383
-105 -422 -383
-105 -422 -383
-105 -421 -383
-105 -421 -383
-105 -421 -383
-105 -421 -383
-105 -421 -383
-105 -421 -383
-103 -422 -381
-103 -422 -381
-103 -422 -381
-105 -420 -381
-105 -420 -381
-105 -420 -381
-105 -420 -381
-105 -420 -381
-105 -420 -381
-105 -421 -383
-105 -421 -383
-105 -421 -383
-105 -421 -383
-105 -421 -383
-105 -421 -383
-105 -421 -383
-103 -422 -382
-103 -422 -382
-103 -422 -382
-103 -422 -382
-103 -422 -382
-103 -422 -382
-104 -422 -380
-104 -422 -380
-104 -422 -380
-104 -422 -380
-104 -422 -380
-104 -422 -380
-105 -423 -382
-105 -423 -382
-105 -423 -382
-105 -423 -382
-105 -423 -382
-105 -423 -382
-105 -423 -382
-103 -424 -383
-103 -424 -383
-103 -424 -383
-103 -424 -383
-103 -424 -383
-103 -424 -383
-105 -422 -385
-105 -422 -385
-105 -422 -385
-105 -422 -385
-105 -422 -385
-105 -422 -385
-103 -419 -382
-103 -419 -382
-103 -419 -382
-103 -419 -382
-103 -419 -382
-103 -419 -382
-105 -424 -381
-105 -424 -381
-105 -424 -381
-105 -424 -381
-105 -424 -381
-105 -424 -381
-104 -424 -380
-104 -424 -380
-104 -424 -380
-104 -424 -380
-104 -424 -380
-104 -424 -380
-103 -422 -380
-103 -422 -380
-103 -422 -380
-103 -422 -380
-103 -422 -380
-103 -422 -380
-102 -422 -384
-102 -422 -384
-102 -422 -384
-102 -422 -384
-102 -422 -384
-102 -422 -384
-102 -422 -384
-106 -423 -385
-106 -423 -385
-106 -423 -385
-106 -423 -385
-106 -423 -385
-106 -423 -385
-104 -422 -384
-104 -422 -384
-104 -422 -384
-104 -422 -384
-104 -422 -384
-104 -422 -384
-103 -421 -381
-103 -421 -381
-103 -421 -381
-103 -421 -381
-103 -421 -381
-103 -421 -381
-103 -421 -381
-104 -418 -383
-104 -418 -383
-104 -418 -383
-104 -418 -383
-104 -418 -383
-104 -418 -383
-107 -422 -385
-107 -422 -385
-107 -422 -385
-107 -422 -385
-107 -422 -385
-105 -422 -384
-105 -422 -384
-105 -422 -384
-105 -422 -384
-105 -422 -384
-105 -422 -384
-106 -423 -384
-106 -423 -384
-106 -423 -384
-106 -423 -384
-106 -423 -384
-106 -423 -384
-106 -423 -384
-105 -421 -377
-105 -421 -377
-105 -421 -377
-105 -421 -377
-105 -421 -377
-105 -421 -377
-102 -420 -386
-102 -420 -386
-102 -420 -386
-102 -420 -386
-102 -420 -386
-102 -420 -386
-105 -422 -383
-105 -422 -383
-105 -422 -383
-105 -422 -383
-105 -422 -383
-105 -422 -383
-105 -422 -383
-104 -422 -382
-104 -422 -382
-104 -422 -382
-104 -422 -382
-104 -422 -382
-104 -422 -382
-105 -424 -383
-105 -424 -383
-105 -424 -383
-105 -424 -383
-105 -424 -383
-105 -424 -383
-105 -420 -380
-105 -420 -380
-106 -422 -377
-106 -422 -377
-106 -422 -377
-106 -422 -377
-106 -422 -377
-106 -422 -377
-103 -421 -387
-103 -421 -387
-103 -421 -387
-103 -421 -387
-103 -421 -387
-103 -421 -387
-103 -420 -383
-103 -420 -383
-103 -420 -383
-103 -420 -383
-103 -420 -383
-103 -420 -383
-103 -420 -383
-104 -418 -386
-104 -418 -386
-104 -418 -386
-104 -418 -386
-104 -418 -386
-104 -418 -386
-107 -420 -383
-107 -420 -383
-107 -420 -383
-107 -420 -383
-107 -420 -383
-107 -420 -383
-107 -420 -383
-105 -420 -383
-105 -420 -383
-105 -420 -383
-105 -420 -383
-105 -420 -383
-105 -420 -383
-106 -423 -382
-106 -423 -382
-106 -423 -382
-106 -423 -382
-106 -423 -382
-106 -423 -382
-105 -422 -384
-105 -422 -384
-105 -422 -384
-105 -422 -384
-105 -422 -384
-103 -422 -383
-103 -422 -383
-103 -422 -383
-103 -422 -383
-103 -422 -383
-105 -420 -380
-105 -420 -380
-105 -420 -380
-105 -420 -380
-105 -420 -380
-105 -420 -380
-104 -426 -382
-104 -426 -382
-104 -426 -382
-104 -426 -382
-104 -426 -382
-104 -426 -382
-105 -420 -385
-105 -420 -385
-105 -420 -385
-105 -420 -385
-105 -420 -385
-105 -420 -385
-105 -420 -385
-104 -422 -382
-104 -422 -382
-104 -422 -382
-104 -422 -382
-104 -422 -382
-104 -422 -382
-101 -423 -384
-101 -423 -384
-101 -423 -384
-101 -423 -384
-101 -423 -384
-101 -423 -384
-101 -421 -384
-104 -421 -381
-104 -421 -381
-104 -421 -381
-104 -421 -381
-104 -421 -381
-104 -421 -381
-105 -420 -384
-105 -420 -384
-105 -420 -384
-105 -420 -384
-105 -420 -384
-105 -420 -384
-105 -424 -384
-105 -419 -383
-103 -421 -383
-103 -421 -383
-103 -421 -383
-103 -421 -383
-103 -421 -383
-103 -421 -383
-103 -421 -383
-104 -423 -384
-104 -423 -384
-104 -423 -384
-104 -423 -384
-104 -423 -384
-104 -423 -384
-104 -420 -377
-104 -420 -377
-104 -420 -377
-104 -420 -377
-104 -420 -377
-104 -420 -377
-107 -421 -380
-107 -421 -380
-107 -421 -380
-107 -421 -380
-107 -421 -380
-107 -421 -380
-107 -421 -380
-104 -424 -381
-104 -424 -381
-104 -424 -381
-104 -424 -381
-104 -424 -381
-104 -424 -381
-101 -420 -381
-101 -420 -381
-101 -420 -381
-101 -420 -381
-101 -420 -381
-101 -420 -381
-101 -421 -380
-104 -421 -380
-104 -421 -380
-104 -421 -380
-104 -421 -380
-104 -421 -380
-104 -421 -380
-105 -422 -382
-105 -422 -382
-105 -422 -382
-105 -422 -382
-106 -422 -382
-106 -422 -382
-106 -422 -382
-106 -422 -382
-103 -421 -382
-103 -421 -382
-103 -421 -382
-103 -421 -382
-103 -421 -382
-103 -421 -382
-103 -421 -382
-105 -419 -383
-105 -419 -383
-105 -419 -383
-105 -419 -383
-105 -419 -383
-105 -419 -383
-104 -420 -382
-104 -420 -382
-104 -420 -382
-104 -420 -382
-104 -420 -382
-104 -420 -382
-104 -420 -382
-107 -420 -384
-107 -420 -384
-107 -420 -384
-107 -420 -384
-107 -420 -384
-107 -420 -384
-105 -424 -376
-105 -424 -376
-105 -424 -376
-105 -424 -376
-105 -424 -376
-105 -424 -376
-102 -423 -384
-102 -423 -384
-102 -423 -384
-102 -423 -384
-102 -423 -384
-102 -423 -384
-102 -423 -384
-105 -419 -383
-105 -419 -383
-105 -419 -383
-105 -419 -383
-105 -419 -383
-105 -419 -383
-103 -421 -380
-101 -423 -383
-101 -423 -383
-101 -423 -383
-101 -423 -383
-105 -423 -383
-105 -423 -383
-105 -423 -383
-105 -423 -383
-105 -423 -383
-105 -423 -383
-105 -423 -383
-106 -417 -383
-106 -417 -383
-106 -417 -383
-106 -417 -383
-106 -417 -383
-106 -417 -383
-105 -423 -381
-105 -423 -381
-105 -423 -381
-105 -423 -381
-105 -423 -381
-105 -423 -381
-101 -421 -383
-101 -421 -383
-101 -421 -383
-101 -421 -383
-101 -421 -383
-101 -421 -383
-101 -421 -383
-103 -422 -382
-103 -422 -382
-103 -422 -382
-103 -422 -382
-103 -422 -382
-103 -422 -382
-103 -423 -378
-103 -423 -378
-103 -423 -378
-103 -423 -378
-103 -423 -378
-103 -423 -378
-103 -421 -382
-105 -421 -382
-105 -421 -382
-105 -421 -382
-105 -421 -382
-105 -421 -382
-105 -421 -382
-105 -423 -384
-105 -423 -384
-105 -423 -384
-105 -422 -384
-107 -422 -380
-107 -422 -380
-107 -422 -380
-107 -422 -380
-107 -422 -380
-107 -422 -380
-104 -420 -385
-104 -420 -385
-104 -420 -385
-104 -420 -385
-104 -420 -385
-104 -420 -385
-104 -423 -386
-104 -423 -386
-104 -423 -386
-104 -423 -386
-104 -423 -386
-104 -423 -386
-104 -423 -386
-105 -421 -378
-105 -421 -378
-105 -421 -378
-105 -421 -378
-105 -421 -378
-105 -421 -378
-105 -421 -382
-105 -421 -382
-105 -421 -382
-105 -421 -382
-105 -421 -382
-105 -421 -382
-105 -420 -382
-104 -420 -382
-104 -420 -382
-104 -420 -382
-104 -420 -382
-104 -420 -382
-104 -420 -382
-105 -418 -380
-105 -418 -380
-105 -418 -380
-105 -418 -380
-105 -418 -380
-105 -418 -380
-103 -420 -383
-103 -420 -383
-103 -420 -383
-103 -420 -383
-104 -419 -380
-104 -419 -380
-104 -419 -380
-104 -419 -380
-104 -419 -380
-104 -419 -380
-103 -418 -379
-103 -418 -379
-103 -418 -379
-103 -418 -379
-103 -418 -379
-103 -418 -379
-103 -418 -379
-102 -422 -382
-102 -422 -382
-102 -422 -382
-102 -422 -382
-102 -422 -382
-102 -422 -382
-105 -419 -383
-105 -419 -383
-105 -419 -383
-105 -419 -383
-105 -419 -383
-105 -419 -383
-105 -419 -383
-101 -424 -377
-101 -424 -377
-101 -424 -377
-101 -424 -377
-101 -424 -377
-101 -424 -377
-105 -420 -382
-105 -420 -382
-105 -420 -382
-105 -420 -382
-105 -420 -382
-105 -420 -382
-104 -424 -380
-104 -424 -380
-104 -424 -380
-104 -424 -380
-104 -424 -380
-104 -424 -380
-104 -424 -380
-104 -423 -383
-104 -423 -383
-104 -423 -383
-104 -423 -383
-104 -422 -384
-104 -422 -384
-104 -422 -384
-104 -422 -384
-104 -422 -384
-104 -422 -384
-105 -420 -386
-105 -420 -386
-105 -420 -386
-105 -420 -386
-105 -420 -386
-105 -420 -386
-105 -420 -386
-107 -422 -382
-107 -422 -382
-107 -422 -382
-107 -422 -382
-107 -422 -382
-107 -422 -382
-105 -421 -383
-105 -421 -383
-105 -421 -383
-105 -421 -383
-105 -421 -383
-105 -421 -383
-103 -420 -380
-103 -420 -380
-103 -420 -380
-103 -420 -380
-103 -420 -380
-103 -420 -380
-103 -420 -380
-105 -424 -382
-105 -424 -382
-105 -424 -382
-105 -424 -382
-105 -424 -382
-105 -424 -382
-103 -424 -383
-103 -424 -383
-103 -424 -383
-103 -424 -383
-103 -424 -383
-103 -424 -383
-103 -424 -383
-108 -422 -377
-108 -422 -377
-108 -422 -377
-108 -422 -377
-108 -422 -377
-102 -418 -382
-102 -418 -382
-105 -419 -382
-105 -419 -382
-105 -419 -382
-105 -419 -382
-105 -419 -382
-105 -419 -382
-106 -421 -380
-106 -421 -380
-106 -421 -380
-106 -421 -380
-106 -421 -380
-106 -421 -380
-106 -424 -378
-101 -424 -378
-101 -424 -378
-101 -424 -378
-101 -424 -378
-101 -424 -378
-101 -424 -378
-106 -423 -384
-106 -423 -384
-106 -423 -384
-106 -423 -384
-106 -423 -384
-106 -423 -384
-104 -420 -384
-104 -420 -384
-104 -420 -384
-104 -420 -384
-104 -420 -384
-104 -420 -384
-104 -420 -384
-103 -423 -380
-103 -423 -380
-103 -423 -380
-103 -423 -380
-103 -423 -380
-103 -423 -380
-105 -422 -379
-105 -422 -379
-105 -422 -379
-105 -422 -379
-105 -422 -379
-105 -422 -379
-104 -421 -382
-104 -421 -382
-104 -421 -382
-104 -421 -382
-102 -421 -385
-102 -421 -385
-102 -421 -385
-102 -421 -385
-102 -421 -385
-103 -419 -376
-103 -419 -376
-103 -419 -376
-103 -419 -376
-103 -419 -376
-103 -419 -376
-103 -419 -376
-104 -420 -381
-104 -420 -381
-104 -420 -381
-104 -420 -381
-104 -420 -381
-104 -420 -381
-105 -420 -380
-105 -420 -380
-105 -420 -380
-105 -420 -380
-105 -420 -380
-105 -420 -380
-105 -420 -382
-105 -420 -382
-105 -420 -382
-105 -420 -382
-105 -420 -382
-105 -420 -382
-105 -420 -382
-97 -421 -381
-97 -421 -381
-97 -421 -381
-97 -421 -381
-97 -421 -381
-97 -421 -381
-105 -421 -377
-105 -421 -377
-105 -421 -377
-105 -421 -377
-105 -421 -377
-105 -421 -377
-104 -422 -380
-104 -422 -380
-104 -422 -380
-104 -422 -380
-104 -422 -380
-104 -422 -380
-104 -422 -380
-105 -422 -380
-105 -422 -380
-104 -422 -380
-104 -422 -380
-104 -422 -380
-104 -422 -380
-104 -422 -380
-104 -422 -380
-104 -421 -381
-104 -421 -381
-104 -421 -381
-104 -421 -381
-104 -421 -381
-104 -421 -381
-105 -420 -380
-105 -420 -380
-105 -420 -380
-105 -420 -380
-105 -420 -380
-105 -420 -380
-105 -420 -380
-102 -423 -382
-102 -423 -382
-102 -423 -382
-102 -423 -382
-102 -423 -382
-102 -423 -382
-102 -423 -384
-102 -423 -384
-102 -423 -384
-102 -423 -384
-102 -423 -384
-102 -423 -384
-104 -421 -384
-104 -421 -384
-104 -421 -384
-104 -421 -384
-104 -421 -384
-104 -421 -384
-104 -421 -384
-106 -423 -384
-106 -423 -384
-106 -423 -384
-106 -423 -384
-106 -423 -384
-106 -423 -384
-100 -422 -377
-100 -422 -377
-100 -422 -377
-100 -422 -377
-103 -422 -383
-103 -422 -383
-103 -422 -383
-103 -422 -383
-103 -422 -383
-103 -422 -383
-102 -421 -384
-102 -421 -384
-102 -421 -384
-102 -421 -384
-102 -421 -384
-102 -421 -384
-101 -422 -380
-101 -422 -380
-101 -422 -380
-101 -422 -380
-101 -422 -380
-101 -422 -380
-100 -424 -378
-100 -424 -378
-100 -424 -378
-100 -424 -378
-100 -424 -378
-100 -424 -378
-100 -424 -378
-101 -422 -384
-101 -422 -384
-101 -422 -384
-101 -422 -384
-101 -422 -384
-101 -422 -384
-101 -423 -383
-101 -423 -383
-101 -423 -383
-101 -423 -383
-101 -423 -383
-101 -423 -383
-101 -423 -383
-102 -420 -380
-102 -420 -380
-102 -420 -380
-102 -420 -380
-102 -420 -380
-102 -420 -380
-103 -423 -380
-103 -423 -380
-103 -423 -380
-103 -423 -380
-103 -423 -380
-103 -423 -380
-98 -422 -382
-98 -422 -382
-98 -422 -382
-98 -422 -382
-100 -420 -382
-100 -420 -382
-100 -420 -382
-100 -420 -382
-100 -420 -382
-100 -420 -382
-100 -425 -383
-101 -425 -383
-101 -425 -383
-101 -425 -383
-101 -425 -383
-101 -425 -383
-101 -425 -383
-102 -424 -382
-102 -424 -382
-102 -424 -382
-102 -424 -382
-102 -424 -382
-102 -424 -382
-100 -424 -383
-100 -424 -383
-100 -424 -383
-100 -424 -383
-100 -424 -383
-100 -424 -383
-100 -424 -383
-101 -426 -384
-101 -426 -384
-101 -426 -384
-101 -426 -384
-101 -426 -384
-101 -426 -384
-100 -423 -380
-100 -423 -380
-100 -423 -380
-100 -423 -380
-100 -423 -380
-100 -423 -380
-101 -425 -386
-101 -425 -386
-101 -425 -386
-101 -425 -386
-101 -425 -386
-101 -425 -386
-101 -425 -386
-103 -422 -384
-103 -422 -384
-99 -423 -381
-99 -423 -381
-99 -423 -381
-99 -423 -381
-99 -423 -381
-99 -423 -381
-99 -423 -381
-100 -422 -383
-100 -422 -383
-100 -422 -383
-100 -422 -383
-100 -422 -383
-100 -422 -383
-100 -425 -383
-100 -425 -383
-100 -425 -383
-100 -425 -383
-100 -425 -383
-100 -425 -383
-100 -425 -383
-102 -420 -381
-102 -420 -381
-102 -420 -381
-102 -420 -381
-102 -420 -381
-102 -420 -381
-99 -423 -379
-99 -423 -379
-99 -423 -379
-99 -423 -379
-99 -423 -379
-99 -423 -379
-100 -424 -382
-100 -424 -382
-100 -424 -382
-100 -424 -382
-100 -424 -382
-100 -424 -382
-100 -424 -382
-103 -420 -384
-103 -420 -384
-103 -420 -384
-103 -420 -384
-103 -420 -384
-103 -420 -384
-99 -421 -383
-99 -421 -383
-99 -421 -383
-99 -421 -383
-100 -423 -378
-100 -423 -378
-100 -423 -378
-100 -423 -378
-100 -423 -378
-100 -423 -378
-102 -424 -381
-102 -424 -381
-102 -424 -381
-102 -424 -381
-102 -424 -381
-102 -424 -381
-99 -423 -381
-99 -423 -381
-99 -423 -381
-99 -423 -381
-99 -423 -381
-99 -423 -381
-99 -425 -377
-100 -425 -377
-100 -425 -377
-100 -425 -377
-100 -425 -377
-100 -425 -377
-100 -425 -377
-97 -424 -384
-97 -424 -384
-97 -424 -384
-97 -424 -384
-97 -424 -384
-97 -424 -384
-101 -424 -379
-101 -424 -379
-101 -424 -379
-101 -424 -379
-101 -424 -379
-101 -424 -379
-101 -424 -379
-103 -424 -380
-103 -424 -380
-103 -424 -380
-103 -424 -380
-103 -424 -380
-103 -424 -380
-97 -426 -378
-97 -426 -378
-97 -426 -378
-97 -426 -378
-97 -426 -378
-97 -426 -378
-98 -428 -379
-98 -428 -379
-100 -427 -381
-100 -427 -381
-100 -427 -381
-100 -427 -381
-100 -427 -381
-100 -427 -381
-100 -427 -381
-98 -427 -378
-98 -427 -378
-98 -427 -378
-98 -427 -378
-98 -427 -378
-98 -427 -378
-98 -427 -378
-98 -427 -378
-98 -427 -378
-98 -427 -378
-98 -427 -378
-98 -427 -378
-98 -427 -378
-100 -429 -381
-100 -429 -381
-100 -429 -381
-100 -429 -381
-100 -429 -381
-100 -429 -381
-101 -427 -379
-101 -427 -379
-101 -427 -379
-101 -427 -379
-101 -427 -379
-101 -427 -379
-99 -428 -378
-99 -428 -378
-99 -428 -378
-99 -428 -378
-99 -428 -378
-99 -428 -378
-99 -428 -378
-102 -428 -380
-102 -428 -380
-102 -428 -380
-102 -428 -380
-102 -428 -380
-102 -428 -380
-97 -431 -378
-97 -431 -378
-97 -431 -378
-101 -430 -378
-101 -430 -378
-101 -430 -378
-101 -430 -378
-101 -430 -378
-100 -429 -377
-100 -429 -377
-100 -429 -377
-100 -429 -377
-100 -429 -377
-100 -429 -377
-100 -429 -377
-99 -434 -374
-99 -434 -374
-99 -434 -374
-99 -434 -374
-99 -434 -374
-99 -434 -374
-101 -429 -378
-101 -429 -378
-101 -429 -378
-101 -429 -378
-101 -429 -378
-101 -429 -378
-101 -435 -375
-101 -435 -375
-101 -435 -375
-101 -435 -375
-101 -435 -375
-101 -435 -375
-101 -435 -375
-97 -435 -375
-97 -435 -375
-97 -435 -375
-97 -435 -375
-97 -435 -375
-97 -435 -375
-100 -439 -374
-100 -439 -374
-100 -439 -374
-100 -439 -374
-100 -439 -374
-100 -439 -374
-100 -439 -374
-100 -439 -373
-100 -439 -373
-100 -439 -373
-100 -439 -373
-100 -439 -373
-100 -439 -373
-97 -446 -368
-97 -446 -368
-97 -446 -368
-97 -446 -368
-99 -448 -366
-99 -448 -366
-99 -448 -366
-99 -448 -366
-99 -448 -366
-99 -448 -366
-99 -448 -366
-97 -455 -360
-97 -455 -360
-97 -455 -360
-97 -455 -360
-97 -455 -360
-97 -455 -360
-97 -459 -353
-97 -459 -353
-97 -459 -353
-97 -459 -353
-97 -459 -353
-97 -459 -353
-97 -465 -349
-96 -465 -349
-96 -465 -349
-96 -465 -349
-96 -465 -349
-96 -465 -349
-96 -465 -349
-95 -471 -347
-95 -471 -347
-95 -471 -347
-95 -471 -347
-95 -471 -347
-95 -471 -347
-94 -478 -338
-94 -478 -338
-94 -478 -338
-94 -478 -338
-94 -478 -338
-94 -478 -338
-94 -487 -338
-96 -487 -331
-96 -487 -331
-96 -487 -331
-96 -487 -331
-96 -487 -331
-96 -487 -331
-92 -490 -332
-92 -503 -317
-92 -503 -317
-92 -503 -317
-92 -503 -317
-92 -503 -317
-89 -509 -310
-89 -509 -310
-89 -509 -310
-89 -509 -310
-89 -509 -310
-89 -509 -310
-90 -515 -304
-90 -515 -304
-90 -515 -304
-90 -515 -304
-90 -515 -304
-90 -515 -304
-90 -515 -304
-87 -523 -301
-87 -523 -301
-87 -523 -301
-87 -523 -301
-87 -523 -301
-87 -523 -301
-84 -527 -293
-84 -527 -293
-84 -527 -293
-84 -527 -293
-84 -527 -293
-84 -527 -293
-84 -534 -288
-84 -534 -288
-84 -534 -288
-84 -534 -288
-84 -534 -288
-84 -534 -288
-84 -534 -288
-84 -536 -281
-84 -536 -281
-84 -536 -281
-84 -536 -281
-84 -536 -281
-84 -536 -281
-83 -545 -279
-83 -545 -279
-83 -545 -279
-83 -545 -279
-83 -545 -279
-83 -545 -279
-83 -548 -270
-82 -548 -270
-83 -552 -265
-83 -552 -265
-83 -552 -265
-83 -552 -265
-83 -552 -265
-83 -552 -265
-84 -552 -260
-84 -552 -260
-84 -552 -260
-84 -552 -260
-84 -552 -260
-84 -552 -260
-84 -552 -260
-81 -564 -253
-81 -564 -253
-81 -564 -253
-81 -564 -253
-81 -564 -253
-81 -564 -253
-82 -564 -249
-82 -564 -249
-82 -564 -249
-82 -564 -249
-82 -564 -249
-82 -564 -249
-82 -564 -249
-80 -568 -243
-80 -568 -243
-80 -568 -243
-80 -568 -243
-80 -568 -243
-80 -568 -243
-82 -571 -235
-82 -571 -235
-82 -571 -235
-82 -571 -235
-82 -571 -235
-82 -571 -235
-82 -571 -235
-79 -580 -234
-79 -580 -234
-79 -580 -234
-79 -580 -234
-79 -580 -234
-79 -580 -234
-77 -581 -229
-77 -581 -229
-77 -581 -229
-77 -581 -229
-78 -586 -220
-78 -586 -220
-78 -586 -220
-78 -586 -220
-78 -586 -220
-78 -586 -220
-78 -591 -212
-78 -591 -212
-78 -591 -212
-78 -591 -212
-78 -591 -212
-78 -591 -212
-78 -591 -212
-78 -593 -204
-78 -593 -204
-78 -593 -204
-78 -593 -204
-78 -593 -204
-78 -593 -204
-78 -600 -199
-78 -600 -199
-78 -600 -199
-78 -600 -199
-78 -600 -199
-78 -600 -199
-78 -600 -199
-76 -600 -197
-76 -600 -197
-76 -600 -197
-76 -600 -197
-76 -600 -197
-76 -600 -197
-76 -604 -197
-78 -604 -191
-78 -604 -191
-78 -604 -191
-78 -604 -191
-78 -604 -191
-78 -604 -191
-80 -610 -181
-80 -610 -181
-80 -610 -181
-80 -610 -181
-80 -610 -181
-80 -610 -181
-80 -610 -181
-74 -612 -177
-74 -612 -177
-74 -612 -177
-74 -612 -177
-76 -613 -174
-76 -613 -174
-76 -613 -174
-76 -613 -174
-76 -613 -174
-76 -613 -174
-73 -616 -171
-73 -616 -171
-73 -616 -171
-73 -616 -171
-73 -616 -171
-73 -616 -171
-73 -616 -171
-71 -620 -163
-71 -620 -163
-71 -620 -163
-71 -620 -163
-71 -620 -163
-71 -620 -163
-75 -619 -160
-75 -619 -160
-75 -619 -160
-75 -619 -160
-75 -619 -160
-75 -619 -160
-75 -619 -160
-76 -625 -154
-76 -625 -154
-76 -625 -154
-76 -625 -154
-76 -625 -154
-76 -625 -154
-72 -626 -148
-72 -626 -148
-72 -626 -148
-72 -626 -148
-72 -626 -148
-72 -626 -148
-72 -626 -148
-74 -632 -146
-74 -632 -146
-74 -632 -146
-74 -632 -146
-74 -632 -146
-74 -632 -146
-77 -631 -138
-77 -631 -138
-77 -631 -138
-77 -631 -138
-77 -631 -138
-75 -640 -128
-75 -640 -128
-75 -640 -128
-75 -640 -128
-75 -640 -128
-75 -640 -128
-75 -639 -126
-75 -639 -126
-75 -639 -126
-75 -639 -126
-75 -639 -126
-75 -639 -126
-77 -643 -122
-77 -643 -122
-77 -643 -122
-77 -643 -122
-77 -643 -122
-77 -643 -122
-77 -643 -122
-75 -643 -117
-75 -643 -117
-75 -643 -117
-75 -643 -117
-75 -643 -117
-75 -643 -117
-77 -644 -113
-77 -644 -113
-77 -644 -113
-77 -644 -113
-77 -644 -113
-77 -644 -113
-77 -644 -113
-74 -649 -105
-74 -649 -105
-74 -649 -105
-74 -649 -105
-74 -649 -105
-74 -649 -105
-73 -647 -104
-73 -647 -104
-73 -647 -104
-73 -647 -104
-73 -647 -104
-73 -647 -104
-74 -652 -104
-74 -652 -104
-74 -652 -104
-74 -652 -104
-74 -652 -104
-74 -652 -104
-75 -648 -99
-75 -648 -99
-75 -648 -99
-75 -648 -99
-75 -648 -99
-75 -648 -99
-74 -651 -95
-74 -651 -95
-74 -651 -95
-74 -651 -95
-74 -651 -95
-74 -651 -95
-72 -654 -89
-72 -654 -89
-72 -654 -89
-72 -654 -89
-72 -654 -89
-72 -654 -89
-72 -654 -89
-71 -654 -88
-71 -654 -88
-71 -654 -88
-71 -654 -88
-71 -654 -88
-71 -654 -88
-70 -657 -80
-70 -657 -80
-70 -657 -80
-70 -657 -80
-70 -657 -80
-70 -657 -80
-71 -658 -81
-71 -658 -81
-71 -658 -81
-71 -658 -81
-71 -658 -81
-71 -658 -81
-71 -658 -81
-70 -657 -79
-70 -657 -79
-70 -657 -79
-70 -657 -79
-70 -657 -79
-70 -657 -79
-73 -660 -74
-73 -660 -74
-73 -660 -74
-73 -660 -74
-73 -660 -74
-73 -660 -74
-68 -659 -72
-68 -659 -72
-68 -659 -72
-68 -659 -72
-68 -663 -68
-71 -663 -68
-71 -663 -68
-71 -663 -68
-71 -663 -68
-71 -663 -68
-71 -663 -68
-70 -664 -63
-70 -664 -63
-70 -664 -63
-70 -664 -63
-70 -664 -63
-70 -664 -63
-69 -666 -58
-69 -666 -58
-69 -666 -58
-69 -666 -58
-69 -666 -58
-69 -666 -58
-69 -666 -58
-67 -666 -51
-67 -666 -51
-67 -666 -51
-67 -666 -51
-67 -666 -51
-67 -666 -51
-67 -669 -54
-67 -669 -54
-67 -669 -54
-67 -669 -54
-67 -669 -54
-67 -669 -54
-70 -669 -46
-70 -669 -46
-70 -669 -46
-70 -669 -46
-70 -669 -46
-70 -669 -46
-70 -669 -46
-65 -670 -46
-65 -670 -46
-65 -670 -46
-65 -670 -46
-65 -670 -46
-65 -670 -46
-67 -670 -39
-67 -670 -39
-67 -670 -39
-67 -670 -39
-67 -670 -39
-70 -676 -35
-70 -676 -35
-70 -676 -35
-70 -676 -35
-70 -676 -35
-70 -676 -35
-65 -673 -30
-65 -673 -30
-65 -673 -30
-65 -673 -30
-65 -673 -30
-65 -673 -30
-65 -673 -30
-67 -676 -22
-67 -676 -22
-67 -676 -22
-67 -676 -22
-67 -676 -22
-67 -676 -22
-67 -677 -19
-67 -677 -19
-67 -677 -19
-67 -677 -19
-67 -677 -19
-67 -677 -19
-67 -677 -19
-65 -674 -21
-65 -674 -21
-65 -674 -21
-65 -674 -21
-65 -674 -21
-65 -674 -21
-68 -677 -15
-68 -677 -15
-68 -677 -15
-68 -677 -15
-68 -677 -15
-68 -677 -15
-68 -676 -12
-64 -676 -12
-64 -676 -12
-64 -676 -12
-64 -676 -12
-64 -676 -12
-64 -676 -12
-65 -678 -10
-65 -678 -10
-65 -678 -10
-65 -678 -10
-64 -678 -9
-64 -678 -9
-64 -678 -9
-64 -678 -9
-64 -678 -9
-64 -678 -9
-65 -680 -3
-65 -680 -3
-65 -680 -3
-65 -680 -3
-65 -680 -3
-65 -680 -3
-64 -681 0
-64 -681 0
-64 -681 0
-64 -681 0
-64 -681 0
-64 -681 0
-64 -681 0
-65 -680 2
-65 -680 2
-65 -680 2
-65 -680 2
-65 -680 2
-65 -680 2
-65 -683 4
-66 -683 4
-66 -683 4
-66 -683 4
-66 -683 4
-66 -683 4
-66 -683 4
-68 -680 13
-68 -680 13
-68 -680 13
-68 -680 13
-68 -680 13
-68 -680 13
-68 -680 13
-65 -678 16
-65 -678 16
-65 -678 16
-65 -678 16
-65 -678 16
-65 -678 16
-66 -683 16
-66 -683 16
-66 -683 16
-66 -683 16
-66 -682 15
-66 -682 15
-66 -682 15
-66 -682 15
-66 -682 15
-66 -682 15
-66 -682 15
-64 -685 22
-64 -685 22
-64 -685 22
-64 -685 22
-64 -685 22
-64 -685 22
-64 -684 20
-64 -684 20
-64 -684 20
-64 -684 20
-64 -684 20
-64 -684 20
-64 -684 20
-64 -686 25
-64 -686 25
-64 -686 25
-64 -686 25
-64 -686 25
-64 -686 25
-66 -684 29
-66 -684 29
-66 -684 29
-66 -684 29
-66 -684 29
-66 -684 29
-66 -684 29
-64 -684 33
-64 -684 33
-64 -684 33
-64 -684 33
-64 -684 33
-64 -684 33
-65 -686 39
-65 -686 39
-65 -686 39
-65 -686 39
-65 -686 39
-65 -686 39
-65 -686 39
-62 -684 43
-62 -684 43
-65 -686 41
-62 -689 46
-62 -689 46
-62 -689 46
-62 -689 46
-62 -689 46
-62 -689 46
-62 -689 46
-64 -686 49
-64 -686 49
-64 -686 49
-64 -686 49
-64 -686 49
-64 -686 49
-64 -687 53
-64 -687 53
-64 -687 53
-64 -687 53
-64 -687 53
-64 -687 53
-64 -687 53
-62 -688 55
-62 -688 55
-62 -688 55
-62 -688 55
-62 -688 55
-62 -688 55
-64 -688 58
-64 -688 58
-64 -688 58
-64 -688 58
-64 -688 58
-64 -688 58
-64 -688 58
-65 -688 66
-65 -688 66
-65 -688 66
-65 -688 66
-65 -688 66
-65 -688 66
-61 -688 68
-61 -688 68
-61 -688 68
-61 -688 68
-61 -688 68
-61 -688 68
-61 -688 68
-63 -689 72
-63 -689 72
-63 -689 72
-63 -686 74
-63 -686 74
-63 -686 74
-65 -690 78
-65 -690 78
-65 -690 78
-65 -690 78
-65 -690 78
-65 -690 78
-64 -686 88
-64 -686 88
-64 -686 88
-64 -686 88
-64 -686 88
-64 -686 88
-64 -688 88
-61 -688 93
-61 -688 93
-61 -688 93
-61 -688 93
-61 -688 93
-61 -688 93
-65 -689 96
-65 -689 96
-65 -689 96
-65 -689 96
-65 -689 96
-65 -689 96
-65 -689 96
-61 -689 99
-61 -689 99
-61 -689 99
-61 -689 99
-61 -689 99
-61 -689 99
-63 -690 99
-63 -690 99
-63 -690 99
-63 -690 99
-63 -690 99
-63 -690 99
-63 -690 99
-63 -690 100
-63 -690 100
-63 -690 100
-63 -690 100
-63 -690 100
-63 -690 100
-59 -688 110
-59 -688 110
-59 -688 110
-59 -688 110
-60 -687 108
-60 -687 108
-60 -687 108
-60 -687 108
-60 -687 108
-60 -687 108
-61 -690 110
-61 -690 110
-61 -690 110
-61 -690 110
-61 -690 110
-61 -690 110
-61 -690 110
-59 -689 113
-59 -689 113
-59 -689 113
-59 -689 113
-59 -689 113
-59 -689 113
-57 -690 120
-57 -690 120
-57 -690 120
-57 -690 120
-57 -690 120
-57 -690 120
-57 -690 125
-57 -690 125
-57 -690 125
-57 -690 125
-57 -690 125
-57 -690 125
-57 -690 125
-58 -688 130
-58 -688 130
-58 -688 130
-58 -688 130
-58 -688 130
-58 -688 130
-58 -691 136
-58 -691 136
-58 -691 136
-58 -691 136
-58 -691 136
-58 -691 136
-58 -691 136
-56 -687 139
-56 -687 139
-56 -687 139
-56 -687 139
-57 -690 139
-57 -690 139
-57 -690 139
-57 -690 139
-57 -690 139
-57 -690 139
-56 -690 141
-56 -690 141
-56 -690 141
-56 -690 141
-56 -690 141
-56 -690 141
-56 -690 141
-57 -689 147
-57 -689 147
-57 -689 147
-57 -689 147
-57 -689 147
-57 -689 147
-55 -687 149
-55 -687 149
-55 -687 149
-55 -687 149
-55 -687 149
-55 -687 149
-55 -687 149
-53 -686 152
-53 -686 152
-53 -686 152
-53 -686 152
-53 -686 152
-53 -686 152
-58 -685 149
-58 -685 149
-58 -685 149
-58 -685 149
-58 -685 149
-58 -685 149
-58 -685 149
-53 -687 155
-53 -687 155
-53 -687 155
-53 -687 155
-53 -687 155
-53 -687 155
-53 -685 159
-56 -685 159
-56 -685 159
-56 -685 159
-55 -687 159
-55 -687 159
-55 -687 159
-55 -687 159
-55 -687 159
-55 -687 159
-55 -687 159
-54 -685 162
-54 -685 162
-54 -685 162
-54 -685 162
-54 -685 162
-54 -685 162
-54 -685 163
-54 -685 163
-54 -685 163
-54 -685 163
-54 -685 163
-54 -685 163
-54 -685 163
-54 -685 165
-54 -685 165
-54 -685 165
-54 -685 165
-54 -685 165
-54 -685 165
-54 -688 167
-56 -688 167
-56 -688 167
-56 -688 167
-56 -688 167
-56 -688 167
-56 -688 167
-58 -687 169
-58 -687 169
-58 -687 169
-58 -687 169
-58 -687 169
-58 -687 169
-58 -687 169
-54 -686 168
-54 -686 168
-54 -686 168
-54 -686 168
-54 -686 168
-54 -686 168
-55 -685 165
-55 -685 165
-55 -685 165
-55 -685 165
-54 -685 162
-54 -685 162
-54 -684 167
-55 -684 167
-55 -684 167
-55 -684 167
-55 -684 167
-55 -684 167
-55 -684 167
-57 -682 164
-57 -682 164
-57 -682 164
-57 -682 164
-57 -682 164
-57 -682 164
-57 -682 164
-56 -684 169
-56 -684 169
-56 -684 169
-56 -684 169
-56 -684 169
-56 -684 169
-56 -687 172
-56 -687 172
-56 -687 172
-56 -687 172
-56 -687 172
-56 -687 172
-56 -687 172
-57 -687 166
-57 -687 166
-57 -687 166
-57 -687 166
-57 -687 166
-57 -687 166
-56 -686 168
-56 -686 168
-56 -686 168
-56 -686 168
-56 -686 168
-56 -686 168
-56 -686 168
-59 -684 168
-59 -684 168
-59 -684 168
-59 -684 168
-59 -684 168
-59 -684 168
-52 -680 166
-52 -680 166
-52 -680 166
-52 -680 166
-53 -685 167
-53 -685 167
-53 -685 167
-53 -685 167
-53 -685 167
-53 -685 167
-57 -685 166
-57 -685 166
-57 -685 166
-57 -685 166
-57 -685 166
-57 -685 166
-57 -685 166
-55 -688 164
-55 -688 164
-55 -688 164
-55 -688 164
-55 -688 164
-55 -688 164
-58 -684 166
-58 -684 166
-58 -684 166
-58 -684 166
-58 -684 166
-58 -684 166
-58 -684 166
-55 -686 169
-55 -686 169
-55 -686 169
-55 -686 169
-55 -686 169
-55 -686 169
-55 -685 165
-55 -685 165
-55 -685 165
-55 -685 165
-55 -685 165
-55 -685 165
-55 -685 165
-55 -686 162
-55 -686 162
-55 -686 162
-55 -686 162
-55 -686 162
-55 -686 162
-55 -687 160
-57 -687 160
-57 -687 160
-57 -687 158
-57 -687 158
-57 -687 158
-58 -685 155
-58 -685 155
-58 -685 155
-58 -685 155
-58 -685 155
-58 -685 155
-58 -685 155
-59 -689 152
-59 -689 152
-59 -689 152
-59 -689 152
-59 -689 152
-59 -689 152
-56 -688 150
-56 -688 150
-56 -688 150
-56 -688 150
-56 -688 150
-56 -688 150
-56 -688 150
-56 -684 143
-56 -684 143
-56 -684 143
-56 -684 143
-56 -684 143
-56 -684 143
-54 -688 137
-54 -688 137
-54 -688 137
-54 -688 137
-54 -688 137
-54 -688 137
-54 -688 137
-55 -690 128
-55 -690 128
-55 -690 128
-55 -690 128
-55 -690 128
-55 -690 128
-57 -689 117
-57 -689 117
-57 -689 117
-57 -689 117
-57 -689 117
-57 -689 117
-57 -689 117
-59 -692 108
-59 -692 108
-59 -692 108
-60 -692 101
-60 -692 101
-60 -692 101
-60 -692 101
-60 -692 101
-60 -692 101
-57 -690 89
-57 -690 89
-57 -690 89
-57 -690 89
-57 -690 89
-57 -690 89
-57 -690 89
-61 -691 75
-61 -691 75
-61 -691 75
-61 -691 75
-61 -691 75
-61 -691 75
-60 -689 65
-60 -689 65
-60 -689 65
-60 -689 65
-60 -689 65
-60 -689 65
-60 -689 65
-59 -686 51
-59 -686 51
-59 -686 51
-59 -686 51
-59 -686 51
-59 -686 51
-62 -687 39
-62 -687 39
-62 -687 39
-62 -687 39
-62 -687 39
-62 -687 39
-62 -687 39
-66 -682 29
-66 -682 29
-66 -682 29
-66 -682 29
-66 -682 29
-66 -682 29
-66 -683 13
-66 -683 13
-66 -683 13
-66 -683 13
-69 -679 0
-69 -679 0
-69 -679 0
-69 -679 0
-69 -679 0
-69 -679 0
-70 -675 -9
-70 -675 -9
-70 -675 -9
-70 -675 -9
-70 -675 -9
-70 -675 -9
-70 -675 -9
-69 -673 -22
-69 -673 -22
-69 -673 -22
-69 -673 -22
-69 -673 -22
-69 -673 -22
-72 -671 -34
-72 -671 -34
-72 -671 -34
-72 -671 -34
-72 -671 -34
-72 -671 -34
-72 -671 -34
-73 -669 -44
-73 -669 -44
-73 -669 -44
-73 -669 -44
-73 -669 -44
-73 -669 -44
-73 -662 -58
-73 -662 -58
-73 -662 -58
-73 -662 -58
-73 -662 -58
-73 -662 -58
-73 -662 -58
-73 -663 -66
-73 -663 -66
-73 -663 -66
-73 -663 -66
-73 -663 -66
-73 -663 -66
-75 -651 -73
-75 -651 -73
-75 -651 -73
-75 -651 -73
-75 -651 -73
-78 -651 -88
-78 -651 -88
-78 -651 -88
-78 -651 -88
-78 -651 -88
-78 -651 -88
-73 -648 -99
-73 -648 -99
-73 -648 -99
-73 -648 -99
-73 -648 -99
-73 -648 -99
-73 -648 -99
-77 -648 -107
-77 -648 -107
-77 -648 -107
-77 -648 -107
-77 -648 -107
-77 -648 -107
-73 -640 -120
-73 -640 -120
-73 -640 -120
-73 -640 -120
-73 -640 -120
-73 -640 -120
-80 -632 -133
-80 -632 -133
-80 -632 -133
-80 -632 -133
-80 -632 -133
-80 -632 -133
-80 -632 -133
-79 -630 -141
-79 -630 -141
-79 -630 -141
-79 -630 -141
-79 -630 -141
-79 -630 -141
-82 -624 -153
-82 -624 -153
-82 -624 -153
-82 -624 -153
-82 -624 -153
-82 -624 -153
-82 -624 -153
-81 -620 -165
-81 -620 -165
-81 -620 -165
-81 -620 -165
-82 -613 -173
-82 -613 -173
-82 -613 -173
-82 -613 -173
-82 -613 -173
-82 -613 -173
-81 -606 -181
-81 -606 -181
-81 -606 -181
-81 -606 -181
-81 -606 -181
-81 -606 -181
-81 -599 -188
-81 -599 -188
-81 -599 -188
-81 -599 -188
-81 -599 -188
-81 -599 -188
-81 -599 -188
-84 -595 -198
-84 -595 -198
-84 -595 -198
-84 -595 -198
-84 -595 -198
-84 -595 -198
-84 -590 -206
-84 -590 -206
-84 -590 -206
-84 -590 -206
-84 -590 -206
-84 -590 -206
-84 -590 -206
-85 -587 -213
-85 -587 -213
-85 -587 -213
-85 -587 -213
-85 -587 -213
-85 -587 -213
-85 -579 -213
-88 -579 -223
-88 -579 -223
-88 -579 -223
-88 -579 -223
-88 -579 -223
-88 -579 -223
-87 -570 -227
-87 -570 -227
-87 -570 -227
-87 -570 -227
-87 -570 -227
-87 -567 -240
-87 -567 -240
-87 -567 -240
-87 -567 -240
-87 -567 -240
-87 -560 -245
-87 -560 -245
-87 -560 -245
-87 -560 -245
-87 -560 -245
-87 -560 -245
-87 -560 -245
-90 -557 -253
-90 -557 -253
-90 -557 -253
-90 -557 -253
-90 -557 -253
-90 -557 -253
-88 -548 -259
-88 -548 -259
-88 -548 -259
-88 -548 -259
-88 -548 -259
-88 -548 -259
-88 -548 -259
-87 -543 -267
-87 -543 -267
-87 -543 -267
-87 -543 -267
-87 -543 -267
-87 -543 -267
-87 -541 -266
-91 -541 -266
-91 -541 -266
-91 -541 -266
-91 -541 -266
-91 -541 -266
-91 -541 -266
-87 -538 -279
-87 -538 -279
-87 -538 -279
-87 -538 -279
-87 -538 -279
-87 -538 -279
-90 -531 -281
-90 -531 -281
-90 -531 -281
-90 -531 -281
-90 -531 -281
-90 -531 -281
-91 -520 -289
-91 -520 -289
-91 -520 -289
-91 -520 -289
-92 -517 -293
-92 -517 -293
-92 -517 -293
-92 -517 -293
-92 -517 -293
-92 -517 -293
-92 -518 -300
-92 -518 -300
-92 -518 -300
-92 -518 -300
-92 -518 -300
-92 -518 -300
-92 -509 -300
-91 -509 -302
-91 -509 -302
-91 -509 -302
-91 -509 -302
-91 -509 -302
-91 -509 -302
-92 -505 -308
-92 -505 -308
-92 -505 -308
-92 -505 -308
-92 -505 -308
-92 -505 -308
-89 -502 -311
-89 -502 -311
-89 -502 -311
-89 -502 -311
-89 -502 -311
-89 -502 -311
-89 -502 -311
-93 -497 -315
-93 -497 -315
-93 -497 -315
-93 -497 -315
-93 -497 -315
-93 -497 -315
-91 -499 -316
-91 -499 -316
-91 -499 -316
-91 -499 -316
-91 -499 -316
-91 -499 -316
-93 -493 -320
-93 -493 -320
-94 -490 -324
-94 -490 -324
-94 -490 -324
-94 -490 -324
-94 -490 -324
-94 -490 -324
-94 -490 -324
-96 -488 -324
-96 -488 -324
-96 -488 -324
-96 -488 -324
-96 -488 -324
-96 -488 -324
-93 -485 -325
-93 -485 -325
-93 -485 -325
-93 -485 -325
-93 -485 -325
-93 -485 -325
-95 -480 -330
-95 -480 -330
-95 -480 -330
-95 -480 -330
-95 -480 -330
-95 -480 -330
-95 -480 -330
-92 -481 -331
-92 -481 -331
-92 -481 -331
-92 -481 -331
-92 -481 -331
-92 -481 -331
-97 -477 -330
-97 -477 -330
-97 -477 -330
-97 -477 -330
-97 -477 -330
-97 -477 -330
-95 -474 -333
-95 -474 -333
-95 -474 -333
-95 -474 -333
-95 -474 -333
-95 -474 -333
-95 -474 -333
-96 -472 -336
-96 -472 -336
-96 -472 -336
-96 -472 -336
-96 -472 -336
-100 -469 -338
-100 -469 -338
-100 -469 -338
-100 -469 -338
-100 -469 -338
-100 -469 -343
-100 -469 -343
-100 -469 -343
-100 -469 -343
-100 -469 -343
-100 -469 -343
-100 -466 -344
-100 -466 -344
-100 -466 -344
-100 -466 -344
-100 -466 -344
-100 -466 -344
-100 -466 -344
-103 -465 -343
-103 -465 -343
-103 -465 -343
-103 -465 -343
-103 -465 -343
-103 -465 -343
-99 -460 -348
-99 -460 -348
-99 -460 -348
-99 -460 -348
-99 -460 -348
-99 -460 -348
-100 -458 -350
-100 -458 -350
-100 -458 -350
-100 -458 -350
-100 -458 -350
-100 -458 -350
-100 -458 -350
-101 -454 -351
-101 -454 -351
-101 -454 -351
-101 -454 -351
-101 -454 -351
-101 -454 -351
-102 -448 -352
-102 -448 -352
-102 -448 -352
-102 -448 -352
-102 -448 -352
-102 -448 -352
-102 -446 -361
-102 -446 -361
-102 -446 -361
-102 -446 -361
-104 -438 -359
-104 -438 -359
-104 -438 -359
-104 -438 -359
-104 -438 -359
-104 -438 -359
-104 -436 -359
-109 -436 -363
-109 -436 -363
-109 -436 -363
-109 -436 -363
-109 -436 -363
-109 -436 -363
-108 -427 -366
-108 -427 -366
-108 -427 -366
-108 -427 -366
-108 -427 -366
-108 -427 -366
-111 -422 -374
-111 -422 -374
-111 -422 -374
-111 -422 -374
-111 -422 -374
-111 -422 -374
-111 -422 -374
-112 -418 -378
-112 -418 -378
-112 -418 -378
-112 -418 -378
-112 -418 -378
-112 -418 -378
-111 -415 -376
-111 -415 -376
-111 -415 -376
-111 -415 -376
-111 -415 -376
-111 -415 -376
-115 -416 -375
-115 -416 -375
-115 -416 -375
-115 -416 -375
-115 -416 -375
-115 -416 -375
-115 -416 -375
-114 -418 -378
-114 -418 -378
-110 -416 -376
-110 -416 -376
-111 -418 -376
-111 -418 -376
-111 -418 -376
-111 -418 -376
-111 -418 -376
-111 -418 -376
-111 -418 -376
-113 -416 -376
-113 -416 -376
-113 -416 -376
-113 -416 -376
-113 -416 -376
-113 -416 -376
-113 -413 -376
-113 -413 -376
-113 -413 -376
-113 -413 -376
-113 -413 -376
-113 -413 -376
-113 -413 -376
-114 -416 -378
-114 -416 -378
-114 -416 -378
-114 -416 -378
-114 -416 -378
-114 -416 -378
-115 -418 -371
-115 -418 -371
-115 -418 -371
-115 -418 -371
-115 -418 -371
-115 -418 -371
-114 -418 -379
-114 -418 -379
-114 -418 -379
-114 -418 -379
-114 -418 -379
-114 -418 -379
-114 -418 -379
-115 -416 -377
-115 -416 -377
-115 -416 -377
-115 -416 -377
-115 -416 -377
-115 -416 -377
-118 -416 -373
-118 -416 -373
-118 -416 -373
-116 -419 -375
-116 -417 -379
-116 -417 -379
-116 -417 -379
-116 -417 -379
-116 -417 -379
-116 -417 -379
-116 -417 -379
-117 -415 -377
-117 -415 -377
-117 -415 -377
-117 -415 -377
-117 -415 -377
-117 -415 -377
-116 -417 -375
-116 -417 -375
-116 -417 -375
-116 -417 -375
-116 -417 -375
-116 -417 -375
-117 -417 -376
-117 -417 -376
-117 -417 -376
-117 -417 -376
-117 -417 -376
-117 -417 -376
-117 -417 -376
-116 -415 -380
-116 -415 -380
-116 -415 -380
-116 -415 -380
-116 -415 -380
-116 -415 -380
-118 -416 -380
-118 -416 -380
-118 -416 -380
-118 -416 -380
-118 -416 -380
-118 -416 -380
-118 -415 -380
-115 -415 -376
-115 -415 -376
-115 -415 -376
-115 -415 -376
-115 -415 -376
-115 -415 -376
-114 -415 -377
-114 -415 -377
-114 -415 -377
-114 -415 -377
-118 -416 -378
-118 -416 -378
-118 -416 -378
-118 -416 -378
-118 -416 -378
-118 -416 -378
-118 -416 -378
-115 -418 -374
-115 -418 -374
-115 -418 -374
-115 -418 -374
-115 -418 -374
-115 -418 -374
-116 -418 -378
-116 -418 -378
-116 -418 -378
-116 -418 -378
-116 -418 -378
-116 -418 -378
-114 -419 -375
-114 -419 -375
-114 -419 -375
-114 -419 -375
-114 -419 -375
-114 -419 -375
-114 -419 -375
-118 -417 -378
-118 -417 -378
-118 -417 -378
-118 -417 -378
-118 -417 -378
-118 -417 -378
-116 -416 -375
-116 -416 -375
-116 -416 -375
-116 -416 -375
-116 -416 -375
-116 -416 -375
-119 -416 -379
-119 -416 -379
-119 -416 -379
-119 -416 -379
-119 -416 -379
-119 -416 -379
-119 -416 -379
-116 -415 -379
-116 -415 -379
-116 -415 -379
-116 -415 -379
-116 -415 -379
-117 -415 -380
-118 -415 -380
-118 -415 -380
-118 -415 -380
-118 -415 -380
-118 -415 -380
-118 -415 -380
-118 -416 -380
-118 -416 -380
-118 -416 -380
-118 -416 -380
-118 -416 -380
-118 -416 -380
-113 -416 -377
-113 -416 -377
-113 -416 -377
-113 -416 -377
-113 -416 -377
-113 -416 -377
-113 -416 -377
-114 -417 -375
-114 -417 -375
-114 -417 -375
-114 -417 -375
-114 -417 -375
-114 -417 -375
-116 -413 -375
-116 -413 -375
-116 -413 -375
-116 -413 -375
-116 -413 -375
-116 -413 -375
-115 -417 -375
-115 -417 -375
-115 -417 -375
-115 -417 -375
-115 -417 -375
-115 -417 -375
-115 -417 -375
-116 -416 -379
-116 -416 -379
-116 -416 -379
-116 -416 -379
-116 -416 -379
-116 -416 -379
-115 -418 -374
-115 -418 -374
-115 -418 -374
-115 -418 -374
-115 -418 -374
-116 -417 -378
-114 -415 -375
-114 -415 -375
-114 -415 -375
-114 -415 -375
-114 -415 -375
-114 -415 -375
-114 -414 -375
-118 -414 -380
-118 -414 -380
-118 -414 -380
-118 -414 -380
-118 -414 -380
-118 -414 -380
-117 -418 -368
-117 -418 -368
-117 -418 -368
-117 -418 -368
-117 -418 -368
-117 -418 -368
-117 -414 -376
-117 -414 -376
-117 -414 -376
-117 -414 -376
-117 -414 -376
-117 -414 -376
-117 -414 -376
-117 -417 -381
-117 -417 -381
-117 -417 -381
-117 -417 -381
-117 -417 -381
-117 -417 -381
-116 -418 -380
-116 -418 -380
-116 -418 -380
-116 -418 -380
-116 -418 -380
-116 -418 -380
-117 -416 -378
-117 -416 -378
-117 -416 -378
-117 -416 -378
-117 -416 -378
-117 -416 -378
-117 -416 -378
-115 -416 -377
-115 -416 -377
-115 -416 -377
-115 -416 -377
-118 -417 -377
-118 -416 -377
-118 -416 -377
-118 -416 -377
-118 -416 -377
-118 -416 -377
-118 -416 -377
-112 -416 -379
-112 -416 -379
-112 -416 -379
-112 -416 -379
-112 -416 -379
-112 -416 -379
-112 -416 -379
-118 -413 -379
-118 -413 -379
-118 -413 -379
-118 -413 -379
-118 -413 -379
-118 -413 -379
-115 -415 -378
-115 -415 -378
-115 -415 -378
-115 -415 -378
-115 -415 -378
-115 -415 -378
-115 -416 -378
-115 -416 -378
-115 -416 -378
-115 -416 -378
-115 -416 -378
-115 -416 -378
-115 -416 -378
-116 -415 -378
-116 -415 -378
-116 -415 -378
-116 -415 -378
-116 -415 -378
-116 -415 -378
-115 -419 -376
-115 -419 -376
-115 -419 -376
-115 -419 -376
-115 -419 -376
-115 -419 -376
-116 -417 -377
-116 -417 -377
-116 -417 -377
-116 -417 -377
-116 -417 -377
-117 -419 -378
-117 -419 -378
-117 -419 -378
-117 -419 -378
-117 -419 -378
-117 -419 -378
-117 -419 -378
-118 -418 -380
-118 -418 -380
-118 -418 -380
-118 -418 -380
-118 -418 -380
-118 -418 -380
-115 -413 -378
-115 -413 -378
-115 -413 -378
-115 -413 -378
-115 -413 -378
-115 -413 -378
-116 -418 -379
-116 -418 -379
-116 -418 -379
-116 -418 -379
-116 -418 -379
-116 -418 -379
-116 -418 -379
-115 -417 -377
-115 -417 -377
-115 -417 -377
-115 -417 -377
-115 -417 -377
-115 -417 -377
-117 -417 -378
-117 -417 -378
-117 -417 -378
-117 -417 -378
-117 -417 -378
-117 -417 -378
-117 -416 -380
-116 -416 -380
-116 -416 -380
-116 -416 -380
-116 -416 -380
-116 -416 -380
-116 -416 -380
-115 -417 -379
-115 -417 -379
-115 -417 -379
-115 -417 -379
-115 -417 -379
